%%    318.000    -1.500    0     0.200  -400.000   400.000
% HI4PI gauss data -------------
%   l, b, RA, DEC, beam interpolated N_HI, N_H2_dark, N_H2_tot  
% 318.000 ;  -1.500 ; 224.800 ; -60.579 ;  0.121E+23 ;  0.448E+21 ;  0.735E+22
% nearest HEALPix pixel: l, b, RA, DEC, N_HI, N_H2_dark, N_H2_tot
% 318.032 ;  -1.492 ; 224.850 ; -60.557 ;  0.123E+23 ;  0.399E+21 ;  0.738E+22
% GASS III survey --------------
% NH - median within 6 arcmin radius  0.116E+23
% NH - mean within specified beam     0.117E+23
% EBHIS survey -----------------
% NH  within specified beam            0.00    
%%EBHIS     0  datapoints: v_lsr [km/s] and T_B [K]
%%GASS    971  datapoints: v_lsr [km/s] and T_B [K]
     399.88    -0.028
     399.05    -0.059
     398.23     0.002
     397.41     0.009
     396.58     0.015
     395.76    -0.067
     394.93    -0.143
     394.11     0.082
     393.28     0.070
     392.46     0.011
     391.63     0.125
     390.81     0.019
     389.99    -0.033
     389.16     0.014
     388.34     0.042
     387.51     0.009
     386.69    -0.068
     385.86     0.045
     385.04     0.143
     384.21    -0.164
     383.39     0.033
     382.56     0.119
     381.74     0.030
     380.92    -0.009
     380.09     0.022
     379.27    -0.087
     378.44    -0.098
     377.62    -0.097
     376.79    -0.023
     375.97     0.023
     375.14    -0.028
     374.32    -0.016
     373.50    -0.006
     372.67    -0.080
     371.85     0.030
     371.02    -0.096
     370.20    -0.037
     369.37     0.057
     368.55     0.065
     367.72     0.053
     366.90     0.011
     366.08     0.044
     365.25    -0.141
     364.43     0.045
     363.60     0.045
     362.78    -0.026
     361.95     0.074
     361.13     0.020
     360.30     0.017
     359.48    -0.160
     358.65    -0.113
     357.83    -0.052
     357.01     0.006
     356.18    -0.078
     355.36    -0.028
     354.53     0.043
     353.71    -0.082
     352.88     0.127
     352.06     0.096
     351.23    -0.068
     350.41     0.104
     349.59    -0.039
     348.76     0.024
     347.94    -0.106
     347.11    -0.012
     346.29    -0.151
     345.46    -0.043
     344.64     0.115
     343.81     0.092
     342.99    -0.002
     342.16    -0.031
     341.34     0.001
     340.52     0.030
     339.69    -0.004
     338.87    -0.055
     338.04     0.039
     337.22     0.143
     336.39     0.084
     335.57     0.103
     334.74    -0.013
     333.92     0.010
     333.10     0.047
     332.27     0.019
     331.45    -0.021
     330.62     0.045
     329.80     0.049
     328.97     0.033
     328.15    -0.000
     327.32    -0.008
     326.50     0.134
     325.67     0.052
     324.85    -0.028
     324.03     0.031
     323.20    -0.099
     322.38     0.035
     321.55     0.165
     320.73     0.016
     319.90     0.037
     319.08    -0.085
     318.25     0.079
     317.43    -0.077
     316.61    -0.071
     315.78    -0.111
     314.96    -0.013
     314.13    -0.050
     313.31    -0.060
     312.48     0.032
     311.66     0.092
     310.83     0.066
     310.01     0.082
     309.19    -0.035
     308.36    -0.146
     307.54     0.008
     306.71    -0.036
     305.89     0.100
     305.06    -0.033
     304.24     0.003
     303.41     0.022
     302.59    -0.052
     301.76     0.010
     300.94     0.020
     300.12    -0.033
     299.29    -0.021
     298.47     0.096
     297.64     0.070
     296.82     0.011
     295.99     0.122
     295.17     0.031
     294.34    -0.046
     293.52    -0.011
     292.70     0.002
     291.87     0.018
     291.05     0.087
     290.22     0.036
     289.40    -0.128
     288.57    -0.058
     287.75    -0.010
     286.92    -0.052
     286.10    -0.025
     285.27    -0.171
     284.45     0.012
     283.63     0.098
     282.80    -0.049
     281.98     0.064
     281.15     0.123
     280.33    -0.033
     279.50    -0.057
     278.68    -0.053
     277.85    -0.087
     277.03    -0.066
     276.21     0.079
     275.38    -0.003
     274.56    -0.042
     273.73    -0.073
     272.91    -0.009
     272.08     0.003
     271.26     0.014
     270.43    -0.078
     269.61     0.042
     268.78     0.055
     267.96     0.016
     267.14    -0.006
     266.31    -0.072
     265.49    -0.023
     264.66     0.066
     263.84     0.032
     263.01    -0.046
     262.19     0.017
     261.36     0.008
     260.54     0.083
     259.72    -0.018
     258.89    -0.084
     258.07     0.016
     257.24     0.062
     256.42    -0.049
     255.59     0.160
     254.77    -0.060
     253.94     0.110
     253.12     0.060
     252.29    -0.086
     251.47     0.071
     250.65    -0.100
     249.82     0.028
     249.00     0.062
     248.17    -0.038
     247.35    -0.009
     246.52     0.005
     245.70    -0.001
     244.87     0.116
     244.05    -0.021
     243.23    -0.009
     242.40    -0.047
     241.58    -0.096
     240.75    -0.102
     239.93     0.064
     239.10    -0.060
     238.28    -0.021
     237.45     0.004
     236.63    -0.035
     235.81    -0.003
     234.98     0.009
     234.16     0.082
     233.33     0.040
     232.51    -0.109
     231.68    -0.111
     230.86    -0.046
     230.03    -0.087
     229.21    -0.163
     228.38    -0.098
     227.56    -0.037
     226.74     0.028
     225.91     0.067
     225.09     0.028
     224.26    -0.016
     223.44     0.041
     222.61    -0.056
     221.79     0.195
     220.96     0.012
     220.14    -0.006
     219.32    -0.062
     218.49     0.099
     217.67    -0.090
     216.84    -0.159
     216.02     0.118
     215.19     0.090
     214.37     0.011
     213.54     0.081
     212.72    -0.021
     211.89     0.048
     211.07     0.009
     210.25     0.100
     209.42    -0.041
     208.60     0.040
     207.77    -0.007
     206.95     0.045
     206.12    -0.049
     205.30     0.042
     204.47    -0.047
     203.65    -0.108
     202.83     0.006
     202.00    -0.099
     201.18     0.038
     200.35     0.044
     199.53     0.017
     198.70     0.097
     197.88    -0.005
     197.05     0.018
     196.23     0.062
     195.40    -0.034
     194.58    -0.040
     193.76    -0.119
     192.93     0.060
     192.11     0.034
     191.28    -0.046
     190.46     0.027
     189.63    -0.046
     188.81    -0.026
     187.98     0.014
     187.16    -0.131
     186.34     0.088
     185.51     0.033
     184.69    -0.001
     183.86     0.023
     183.04     0.065
     182.21     0.017
     181.39    -0.009
     180.56     0.003
     179.74     0.054
     178.92     0.047
     178.09    -0.015
     177.27    -0.042
     176.44    -0.011
     175.62    -0.016
     174.79    -0.063
     173.97     0.037
     173.14     0.055
     172.32     0.082
     171.49    -0.029
     170.67     0.027
     169.85    -0.006
     169.02     0.072
     168.20     0.093
     167.37     0.069
     166.55    -0.001
     165.72     0.009
     164.90    -0.166
     164.07     0.004
     163.25    -0.088
     162.43     0.044
     161.60     0.034
     160.78     0.020
     159.95     0.031
     159.13     0.019
     158.30     0.063
     157.48     0.111
     156.65     0.025
     155.83     0.096
     155.00     0.039
     154.18     0.062
     153.36     0.070
     152.53    -0.046
     151.71     0.017
     150.88     0.007
     150.06     0.006
     149.23    -0.001
     148.41     0.004
     147.58     0.006
     146.76     0.023
     145.94     0.029
     145.11    -0.021
     144.29     0.081
     143.46    -0.032
     142.64     0.001
     141.81     0.151
     140.99    -0.006
     140.16     0.035
     139.34    -0.028
     138.51    -0.084
     137.69     0.159
     136.87     0.066
     136.04    -0.032
     135.22     0.023
     134.39    -0.050
     133.57     0.114
     132.74     0.029
     131.92     0.036
     131.09     0.036
     130.27     0.010
     129.45     0.012
     128.62     0.157
     127.80     0.036
     126.97     0.172
     126.15     0.115
     125.32     0.204
     124.50     0.117
     123.67     0.210
     122.85     0.340
     122.03     0.310
     121.20     0.442
     120.38     0.398
     119.55     0.573
     118.73     0.549
     117.90     0.813
     117.08     0.839
     116.25     1.131
     115.43     1.281
     114.60     1.462
     113.78     1.669
     112.96     2.011
     112.13     2.081
     111.31     2.675
     110.48     2.862
     109.66     3.157
     108.83     3.731
     108.01     4.211
     107.18     4.747
     106.36     5.435
     105.54     6.149
     104.71     6.972
     103.89     8.466
     103.06    10.170
     102.24    12.757
     101.41    16.723
     100.59    21.088
      99.76    26.514
      98.94    31.603
      98.11    35.587
      97.29    37.622
      96.47    38.083
      95.64    36.446
      94.82    34.342
      93.99    31.789
      93.17    29.025
      92.34    25.506
      91.52    22.070
      90.69    18.855
      89.87    16.223
      89.05    14.223
      88.22    12.958
      87.40    11.900
      86.57    11.559
      85.75    11.607
      84.92    12.481
      84.10    14.199
      83.27    16.490
      82.45    19.785
      81.62    23.494
      80.80    27.420
      79.98    32.176
      79.15    36.403
      78.33    40.016
      77.50    41.909
      76.68    41.058
      75.85    38.436
      75.03    33.971
      74.20    30.669
      73.38    28.969
      72.56    29.693
      71.73    30.074
      70.91    29.730
      70.08    28.583
      69.26    27.323
      68.43    26.281
      67.61    24.920
      66.78    22.846
      65.96    20.808
      65.13    19.369
      64.31    18.805
      63.49    18.065
      62.66    18.067
      61.84    17.856
      61.01    18.354
      60.19    18.646
      59.36    19.060
      58.54    20.178
      57.71    20.846
      56.89    21.424
      56.07    21.544
      55.24    21.162
      54.42    21.137
      53.59    21.565
      52.77    22.644
      51.94    24.275
      51.12    26.643
      50.29    29.602
      49.47    33.995
      48.65    39.644
      47.82    46.242
      47.00    53.176
      46.17    60.218
      45.35    66.347
      44.52    73.097
      43.70    78.012
      42.87    81.069
      42.05    83.183
      41.22    83.116
      40.40    82.912
      39.58    81.059
      38.75    78.197
      37.93    73.674
      37.10    68.614
      36.28    63.954
      35.45    59.802
      34.63    55.518
      33.80    51.237
      32.98    45.992
      32.16    41.577
      31.33    37.092
      30.51    32.859
      29.68    28.729
      28.86    24.645
      28.03    21.195
      27.21    18.449
      26.38    16.158
      25.56    14.105
      24.73    12.210
      23.91    10.946
      23.09    10.073
      22.26     9.041
      21.44     8.632
      20.61     8.054
      19.79     7.824
      18.96     7.427
      18.14     7.029
      17.31     6.834
      16.49     6.671
      15.67     6.466
      14.84     6.118
      14.02     6.089
      13.19     5.626
      12.37     5.384
      11.54     5.251
      10.72     5.302
       9.89     5.531
       9.07     6.240
       8.24     6.895
       7.42     8.569
       6.60    10.760
       5.77    14.197
       4.95    17.885
       4.12    21.575
       3.30    26.876
       2.47    35.507
       1.65    43.600
       0.82    49.552
       0.00    58.445
      -0.82    67.079
      -1.65    70.954
      -2.47    70.284
      -3.30    69.187
      -4.12    72.970
      -4.95    76.421
      -5.77    76.131
      -6.60    72.497
      -7.42    65.889
      -8.24    58.904
      -9.07    53.827
      -9.89    49.777
     -10.72    46.940
     -11.54    45.958
     -12.37    48.185
     -13.19    51.861
     -14.02    56.373
     -14.84    60.930
     -15.67    64.408
     -16.49    68.047
     -17.31    72.782
     -18.14    77.583
     -18.96    81.870
     -19.79    83.991
     -20.61    84.700
     -21.44    82.444
     -22.26    77.707
     -23.09    71.076
     -23.91    62.987
     -24.73    55.395
     -25.56    48.296
     -26.38    44.299
     -27.21    41.534
     -28.03    39.597
     -28.86    38.335
     -29.68    37.174
     -30.51    36.112
     -31.33    35.037
     -32.16    34.372
     -32.98    33.807
     -33.80    34.198
     -34.63    35.560
     -35.45    37.377
     -36.28    39.440
     -37.10    41.906
     -37.93    43.947
     -38.75    45.207
     -39.58    46.015
     -40.40    46.606
     -41.22    46.540
     -42.05    46.876
     -42.87    47.264
     -43.70    48.112
     -44.52    49.666
     -45.35    51.543
     -46.17    53.271
     -47.00    54.598
     -47.82    55.943
     -48.65    56.264
     -49.47    55.944
     -50.29    54.885
     -51.12    52.823
     -51.94    50.369
     -52.77    48.550
     -53.59    46.219
     -54.42    44.962
     -55.24    44.176
     -56.07    43.863
     -56.89    43.681
     -57.71    43.635
     -58.54    43.363
     -59.36    43.035
     -60.19    42.529
     -61.01    42.175
     -61.84    41.271
     -62.66    40.058
     -63.49    38.317
     -64.31    35.991
     -65.13    33.474
     -65.96    30.013
     -66.78    26.717
     -67.61    23.276
     -68.43    20.153
     -69.26    17.307
     -70.08    15.120
     -70.91    13.333
     -71.73    11.785
     -72.56    10.676
     -73.38     9.728
     -74.20     9.140
     -75.03     8.522
     -75.85     8.241
     -76.68     7.901
     -77.50     7.459
     -78.33     7.012
     -79.15     6.539
     -79.98     5.898
     -80.80     5.464
     -81.62     5.186
     -82.45     4.697
     -83.27     4.366
     -84.10     4.092
     -84.92     3.835
     -85.75     3.569
     -86.57     3.206
     -87.40     3.033
     -88.22     2.635
     -89.05     2.492
     -89.87     2.114
     -90.69     1.953
     -91.52     1.694
     -92.34     1.658
     -93.17     1.429
     -93.99     1.333
     -94.82     1.199
     -95.64     1.125
     -96.47     1.036
     -97.29     0.949
     -98.11     0.828
     -98.94     0.668
     -99.76     0.659
    -100.59     0.587
    -101.41     0.569
    -102.24     0.546
    -103.06     0.502
    -103.89     0.430
    -104.71     0.314
    -105.54     0.302
    -106.36     0.172
    -107.18     0.333
    -108.01     0.150
    -108.83     0.235
    -109.66     0.178
    -110.48     0.188
    -111.31     0.023
    -112.13     0.198
    -112.96     0.067
    -113.78     0.152
    -114.60     0.174
    -115.43     0.131
    -116.25    -0.031
    -117.08     0.040
    -117.90     0.122
    -118.73     0.042
    -119.55     0.180
    -120.38     0.108
    -121.20     0.158
    -122.03     0.084
    -122.85     0.070
    -123.67     0.040
    -124.50     0.028
    -125.32     0.137
    -126.15    -0.009
    -126.97     0.141
    -127.80     0.050
    -128.62    -0.078
    -129.45    -0.010
    -130.27     0.016
    -131.09     0.055
    -131.92     0.057
    -132.74     0.037
    -133.57     0.055
    -134.39     0.150
    -135.22    -0.048
    -136.04    -0.024
    -136.87    -0.091
    -137.69     0.013
    -138.51     0.187
    -139.34    -0.052
    -140.16     0.069
    -140.99     0.101
    -141.81    -0.078
    -142.64     0.021
    -143.46    -0.128
    -144.29    -0.012
    -145.11    -0.144
    -145.94     0.099
    -146.76     0.152
    -147.58    -0.010
    -148.41    -0.071
    -149.23    -0.011
    -150.06     0.065
    -150.88     0.027
    -151.71    -0.088
    -152.53     0.005
    -153.36     0.037
    -154.18    -0.160
    -155.00    -0.019
    -155.83    -0.032
    -156.65    -0.006
    -157.48    -0.004
    -158.30    -0.129
    -159.13     0.024
    -159.95    -0.046
    -160.78     0.006
    -161.60    -0.089
    -162.43    -0.023
    -163.25     0.121
    -164.07    -0.078
    -164.90     0.094
    -165.72    -0.011
    -166.55     0.008
    -167.37    -0.032
    -168.20    -0.062
    -169.02    -0.000
    -169.85    -0.091
    -170.67     0.099
    -171.49     0.067
    -172.32     0.051
    -173.14    -0.003
    -173.97    -0.094
    -174.79     0.072
    -175.62    -0.031
    -176.44     0.020
    -177.27    -0.078
    -178.09     0.009
    -178.92     0.016
    -179.74     0.001
    -180.56    -0.216
    -181.39    -0.074
    -182.21     0.013
    -183.04    -0.060
    -183.86     0.005
    -184.69     0.032
    -185.51    -0.004
    -186.34     0.011
    -187.16     0.078
    -187.98     0.018
    -188.81    -0.030
    -189.63     0.055
    -190.46    -0.054
    -191.28     0.069
    -192.11     0.037
    -192.93     0.026
    -193.76     0.053
    -194.58    -0.127
    -195.40     0.079
    -196.23     0.147
    -197.05     0.024
    -197.88    -0.020
    -198.70    -0.003
    -199.53    -0.111
    -200.35     0.002
    -201.18     0.092
    -202.00    -0.102
    -202.83     0.080
    -203.65     0.184
    -204.47     0.009
    -205.30    -0.015
    -206.12    -0.045
    -206.95     0.111
    -207.77     0.031
    -208.60    -0.073
    -209.42     0.095
    -210.25    -0.042
    -211.07    -0.022
    -211.89    -0.010
    -212.72    -0.055
    -213.54     0.002
    -214.37    -0.006
    -215.19    -0.124
    -216.02    -0.047
    -216.84    -0.033
    -217.67     0.113
    -218.49    -0.030
    -219.32     0.036
    -220.14    -0.043
    -220.96    -0.147
    -221.79    -0.019
    -222.61     0.132
    -223.44    -0.001
    -224.26     0.061
    -225.09     0.067
    -225.91    -0.044
    -226.74    -0.086
    -227.56    -0.064
    -228.38     0.062
    -229.21     0.126
    -230.03     0.056
    -230.86    -0.044
    -231.68     0.033
    -232.51     0.069
    -233.33     0.089
    -234.16    -0.086
    -234.98    -0.005
    -235.81    -0.035
    -236.63     0.014
    -237.45     0.070
    -238.28     0.057
    -239.10    -0.109
    -239.93     0.020
    -240.75     0.020
    -241.58     0.036
    -242.40    -0.083
    -243.23    -0.037
    -244.05    -0.022
    -244.87    -0.065
    -245.70     0.024
    -246.52     0.049
    -247.35     0.026
    -248.17    -0.080
    -249.00     0.009
    -249.82     0.035
    -250.65     0.031
    -251.47    -0.017
    -252.29    -0.018
    -253.12    -0.033
    -253.94     0.006
    -254.77    -0.072
    -255.59     0.057
    -256.42    -0.050
    -257.24    -0.033
    -258.07     0.035
    -258.89     0.026
    -259.72     0.018
    -260.54    -0.104
    -261.36    -0.040
    -262.19     0.066
    -263.01    -0.017
    -263.84     0.039
    -264.66    -0.014
    -265.49     0.111
    -266.31     0.011
    -267.14     0.180
    -267.96    -0.057
    -268.78    -0.023
    -269.61    -0.079
    -270.43     0.022
    -271.26    -0.085
    -272.08    -0.040
    -272.91     0.027
    -273.73    -0.028
    -274.56    -0.139
    -275.38     0.038
    -276.21     0.006
    -277.03    -0.050
    -277.85    -0.019
    -278.68    -0.081
    -279.50     0.074
    -280.33     0.071
    -281.15    -0.069
    -281.98    -0.031
    -282.80     0.099
    -283.63     0.042
    -284.45    -0.044
    -285.27    -0.122
    -286.10     0.065
    -286.92     0.108
    -287.75    -0.091
    -288.57     0.100
    -289.40    -0.021
    -290.22    -0.128
    -291.05    -0.003
    -291.87    -0.094
    -292.70     0.014
    -293.52     0.068
    -294.34     0.032
    -295.17     0.039
    -295.99     0.044
    -296.82     0.032
    -297.64     0.016
    -298.47    -0.007
    -299.29    -0.039
    -300.12     0.178
    -300.94    -0.044
    -301.76    -0.072
    -302.59     0.040
    -303.41    -0.047
    -304.24     0.028
    -305.06     0.043
    -305.89     0.011
    -306.71     0.008
    -307.54     0.009
    -308.36    -0.017
    -309.18    -0.081
    -310.01    -0.028
    -310.83    -0.028
    -311.66     0.024
    -312.48    -0.004
    -313.31    -0.073
    -314.13     0.017
    -314.96     0.024
    -315.78     0.051
    -316.61     0.065
    -317.43     0.003
    -318.25    -0.003
    -319.08    -0.022
    -319.90    -0.029
    -320.73     0.025
    -321.55     0.019
    -322.38    -0.061
    -323.20    -0.028
    -324.03     0.019
    -324.85    -0.002
    -325.67    -0.031
    -326.50     0.065
    -327.32     0.037
    -328.15     0.020
    -328.97     0.082
    -329.80    -0.016
    -330.62    -0.017
    -331.45     0.065
    -332.27     0.161
    -333.10    -0.106
    -333.92     0.009
    -334.74     0.065
    -335.57     0.072
    -336.39     0.086
    -337.22    -0.104
    -338.04    -0.064
    -338.87    -0.123
    -339.69     0.059
    -340.52    -0.024
    -341.34    -0.051
    -342.16    -0.194
    -342.99     0.170
    -343.81    -0.012
    -344.64    -0.101
    -345.46    -0.132
    -346.29    -0.088
    -347.11    -0.031
    -347.94    -0.029
    -348.76    -0.075
    -349.59     0.032
    -350.41     0.084
    -351.23     0.073
    -352.06    -0.009
    -352.88    -0.043
    -353.71     0.031
    -354.53     0.006
    -355.36     0.076
    -356.18    -0.065
    -357.01     0.067
    -357.83     0.003
    -358.65     0.051
    -359.48    -0.012
    -360.30    -0.065
    -361.13     0.024
    -361.95     0.034
    -362.78     0.066
    -363.60    -0.003
    -364.43     0.016
    -365.25     0.008
    -366.08    -0.127
    -366.90     0.020
    -367.72     0.003
    -368.55    -0.111
    -369.37    -0.001
    -370.20    -0.016
    -371.02     0.090
    -371.85     0.062
    -372.67     0.005
    -373.50     0.129
    -374.32     0.139
    -375.14    -0.078
    -375.97    -0.090
    -376.79     0.035
    -377.62    -0.024
    -378.44     0.007
    -379.27     0.030
    -380.09     0.048
    -380.92     0.048
    -381.74     0.012
    -382.56    -0.013
    -383.39     0.039
    -384.21     0.074
    -385.04     0.110
    -385.86     0.035
    -386.69    -0.012
    -387.51     0.026
    -388.34    -0.072
    -389.16     0.116
    -389.99     0.028
    -390.81     0.022
    -391.63    -0.025
    -392.46    -0.015
    -393.28     0.130
    -394.11    -0.062
    -394.93     0.128
    -395.76    -0.028
    -396.58     0.092
    -397.41    -0.013
    -398.23    -0.049
    -399.05    -0.093
    -399.88    -0.036
%%gauss   801  datapoints: v_lsr [km/s] and T_B [K]
    -400.00     0.000
    -399.00     0.000
    -398.00     0.000
    -397.00     0.000
    -396.00     0.000
    -395.00     0.000
    -394.00     0.000
    -393.00     0.000
    -392.00     0.000
    -391.00     0.000
    -390.00     0.000
    -389.00     0.000
    -388.00     0.000
    -387.00     0.000
    -386.00     0.000
    -385.00     0.000
    -384.00     0.000
    -383.00     0.000
    -382.00     0.000
    -381.00     0.000
    -380.00     0.000
    -379.00     0.000
    -378.00     0.000
    -377.00     0.000
    -376.00     0.000
    -375.00     0.000
    -374.00     0.000
    -373.00     0.000
    -372.00     0.000
    -371.00     0.000
    -370.00     0.000
    -369.00     0.000
    -368.00     0.000
    -367.00     0.000
    -366.00     0.000
    -365.00     0.000
    -364.00     0.000
    -363.00     0.000
    -362.00     0.000
    -361.00     0.000
    -360.00     0.000
    -359.00     0.000
    -358.00     0.000
    -357.00     0.000
    -356.00     0.000
    -355.00     0.000
    -354.00     0.000
    -353.00     0.000
    -352.00     0.000
    -351.00     0.000
    -350.00     0.000
    -349.00     0.000
    -348.00     0.000
    -347.00     0.000
    -346.00     0.000
    -345.00     0.000
    -344.00     0.000
    -343.00     0.000
    -342.00     0.000
    -341.00     0.000
    -340.00     0.000
    -339.00     0.000
    -338.00     0.000
    -337.00     0.000
    -336.00     0.000
    -335.00     0.000
    -334.00     0.000
    -333.00     0.000
    -332.00     0.000
    -331.00     0.000
    -330.00     0.000
    -329.00     0.000
    -328.00     0.000
    -327.00     0.000
    -326.00     0.000
    -325.00     0.000
    -324.00     0.000
    -323.00     0.000
    -322.00     0.000
    -321.00     0.000
    -320.00     0.000
    -319.00     0.000
    -318.00     0.000
    -317.00     0.000
    -316.00     0.000
    -315.00     0.000
    -314.00     0.000
    -313.00     0.000
    -312.00     0.000
    -311.00     0.000
    -310.00     0.000
    -309.00     0.000
    -308.00     0.000
    -307.00     0.000
    -306.00     0.000
    -305.00     0.000
    -304.00     0.000
    -303.00     0.000
    -302.00     0.000
    -301.00     0.000
    -300.00     0.000
    -299.00     0.000
    -298.00     0.000
    -297.00     0.000
    -296.00     0.000
    -295.00     0.000
    -294.00     0.000
    -293.00     0.000
    -292.00     0.000
    -291.00     0.000
    -290.00     0.000
    -289.00     0.000
    -288.00     0.000
    -287.00     0.000
    -286.00     0.000
    -285.00     0.000
    -284.00     0.000
    -283.00     0.000
    -282.00     0.000
    -281.00     0.000
    -280.00     0.000
    -279.00     0.000
    -278.00     0.000
    -277.00     0.000
    -276.00     0.000
    -275.00     0.000
    -274.00     0.000
    -273.00     0.000
    -272.00     0.000
    -271.00     0.000
    -270.00     0.000
    -269.00     0.000
    -268.00     0.000
    -267.00     0.000
    -266.00     0.000
    -265.00     0.000
    -264.00     0.000
    -263.00     0.000
    -262.00     0.000
    -261.00     0.000
    -260.00     0.000
    -259.00     0.000
    -258.00     0.000
    -257.00     0.000
    -256.00     0.000
    -255.00     0.000
    -254.00     0.000
    -253.00     0.000
    -252.00     0.000
    -251.00     0.000
    -250.00     0.000
    -249.00     0.000
    -248.00     0.000
    -247.00     0.000
    -246.00     0.000
    -245.00     0.000
    -244.00     0.000
    -243.00     0.000
    -242.00     0.000
    -241.00     0.000
    -240.00     0.000
    -239.00     0.000
    -238.00     0.000
    -237.00     0.000
    -236.00     0.000
    -235.00     0.000
    -234.00     0.000
    -233.00     0.000
    -232.00     0.000
    -231.00     0.000
    -230.00     0.000
    -229.00     0.000
    -228.00     0.000
    -227.00     0.000
    -226.00     0.000
    -225.00     0.000
    -224.00     0.000
    -223.00     0.000
    -222.00     0.000
    -221.00     0.000
    -220.00     0.000
    -219.00     0.000
    -218.00     0.000
    -217.00     0.000
    -216.00     0.000
    -215.00     0.000
    -214.00     0.000
    -213.00     0.000
    -212.00     0.000
    -211.00     0.000
    -210.00     0.000
    -209.00     0.000
    -208.00     0.000
    -207.00     0.000
    -206.00     0.000
    -205.00     0.000
    -204.00     0.000
    -203.00     0.000
    -202.00     0.000
    -201.00     0.000
    -200.00     0.000
    -199.00     0.000
    -198.00     0.000
    -197.00     0.000
    -196.00     0.000
    -195.00     0.000
    -194.00     0.000
    -193.00     0.000
    -192.00     0.000
    -191.00     0.000
    -190.00     0.000
    -189.00     0.000
    -188.00     0.000
    -187.00     0.000
    -186.00     0.000
    -185.00     0.000
    -184.00     0.000
    -183.00     0.000
    -182.00     0.000
    -181.00     0.000
    -180.00     0.000
    -179.00     0.000
    -178.00     0.000
    -177.00     0.000
    -176.00     0.000
    -175.00     0.000
    -174.00     0.000
    -173.00     0.000
    -172.00     0.000
    -171.00     0.000
    -170.00     0.000
    -169.00     0.000
    -168.00     0.000
    -167.00     0.000
    -166.00     0.000
    -165.00     0.000
    -164.00     0.000
    -163.00     0.000
    -162.00     0.000
    -161.00     0.000
    -160.00     0.000
    -159.00     0.000
    -158.00     0.000
    -157.00     0.000
    -156.00     0.000
    -155.00     0.000
    -154.00     0.001
    -153.00     0.001
    -152.00     0.001
    -151.00     0.001
    -150.00     0.001
    -149.00     0.001
    -148.00     0.001
    -147.00     0.001
    -146.00     0.002
    -145.00     0.002
    -144.00     0.002
    -143.00     0.003
    -142.00     0.003
    -141.00     0.004
    -140.00     0.005
    -139.00     0.005
    -138.00     0.006
    -137.00     0.007
    -136.00     0.008
    -135.00     0.010
    -134.00     0.011
    -133.00     0.012
    -132.00     0.013
    -131.00     0.015
    -130.00     0.016
    -129.00     0.017
    -128.00     0.019
    -127.00     0.020
    -126.00     0.022
    -125.00     0.024
    -124.00     0.026
    -123.00     0.028
    -122.00     0.031
    -121.00     0.035
    -120.00     0.039
    -119.00     0.044
    -118.00     0.051
    -117.00     0.058
    -116.00     0.067
    -115.00     0.078
    -114.00     0.090
    -113.00     0.105
    -112.00     0.122
    -111.00     0.142
    -110.00     0.165
    -109.00     0.192
    -108.00     0.222
    -107.00     0.257
    -106.00     0.296
    -105.00     0.341
    -104.00     0.391
    -103.00     0.446
    -102.00     0.508
    -101.00     0.577
    -100.00     0.654
     -99.00     0.738
     -98.00     0.831
     -97.00     0.933
     -96.00     1.045
     -95.00     1.168
     -94.00     1.304
     -93.00     1.458
     -92.00     1.635
     -91.00     1.844
     -90.00     2.094
     -89.00     2.387
     -88.00     2.716
     -87.00     3.062
     -86.00     3.408
     -85.00     3.747
     -84.00     4.094
     -83.00     4.472
     -82.00     4.898
     -81.00     5.375
     -80.00     5.889
     -79.00     6.418
     -78.00     6.941
     -77.00     7.450
     -76.00     7.959
     -75.00     8.514
     -74.00     9.193
     -73.00    10.101
     -72.00    11.363
     -71.00    13.102
     -70.00    15.406
     -69.00    18.301
     -68.00    21.714
     -67.00    25.464
     -66.00    29.274
     -65.00    32.827
     -64.00    35.845
     -63.00    38.170
     -62.00    39.813
     -61.00    40.918
     -60.00    41.659
     -59.00    42.148
     -58.00    42.442
     -57.00    42.653
     -56.00    43.038
     -55.00    43.930
     -54.00    45.549
     -53.00    47.837
     -52.00    50.455
     -51.00    52.905
     -50.00    54.701
     -49.00    55.503
     -48.00    55.201
     -47.00    53.922
     -46.00    52.003
     -45.00    49.901
     -44.00    48.068
     -43.00    46.813
     -42.00    46.196
     -41.00    45.992
     -40.00    45.771
     -39.00    45.065
     -38.00    43.580
     -37.00    41.342
     -36.00    38.728
     -35.00    36.331
     -34.00    34.723
     -33.00    34.215
     -32.00    34.716
     -31.00    35.800
     -30.00    36.989
     -29.00    38.123
     -28.00    39.572
     -27.00    42.147
     -26.00    46.734
     -25.00    53.817
     -24.00    62.958
     -23.00    72.495
     -22.00    80.099
     -21.00    84.111
     -20.00    84.112
     -19.00    80.666
     -18.00    75.398
     -17.00    70.071
     -16.00    65.194
     -15.00    60.266
     -14.00    54.964
     -13.00    49.979
     -12.00    46.770
     -11.00    46.489
     -10.00    49.242
      -9.00    54.402
      -8.00    61.419
      -7.00    69.317
      -6.00    74.961
      -5.00    74.985
      -4.00    71.142
      -3.00    69.304
      -2.00    70.638
      -1.00    67.627
       0.00    56.933
       1.00    47.387
       2.00    39.231
       3.00    28.554
       4.00    21.771
       5.00    17.190
       6.00    12.762
       7.00     9.329
       8.00     7.244
       9.00     6.121
      10.00     5.591
      11.00     5.428
      12.00     5.490
      13.00     5.680
      14.00     5.928
      15.00     6.194
      16.00     6.457
      17.00     6.722
      18.00     7.006
      19.00     7.338
      20.00     7.749
      21.00     8.279
      22.00     8.977
      23.00     9.911
      24.00    11.167
      25.00    12.846
      26.00    15.053
      27.00    17.877
      28.00    21.372
      29.00    25.533
      30.00    30.291
      31.00    35.519
      32.00    41.059
      33.00    46.754
      34.00    52.479
      35.00    58.145
      36.00    63.675
      37.00    68.959
      38.00    73.803
      39.00    77.892
      40.00    80.808
      41.00    82.095
      42.00    81.368
      43.00    78.435
      44.00    73.383
      45.00    66.605
      46.00    58.736
      47.00    50.540
      48.00    42.759
      49.00    35.982
      50.00    30.563
      51.00    26.601
      52.00    23.985
      53.00    22.467
      54.00    21.739
      55.00    21.465
      56.00    21.296
      57.00    20.934
      58.00    20.261
      59.00    19.406
      60.00    18.604
      61.00    18.019
      62.00    17.727
      63.00    17.778
      64.00    18.254
      65.00    19.297
      66.00    21.019
      67.00    23.242
      68.00    25.426
      69.00    27.175
      70.00    28.716
      71.00    29.986
      72.00    30.150
      73.00    29.928
      74.00    31.553
      75.00    35.537
      76.00    39.950
      77.00    42.076
      78.00    40.545
      79.00    36.210
      80.00    30.840
      81.00    25.586
      82.00    20.877
      83.00    16.961
      84.00    14.071
      85.00    12.294
      86.00    11.539
      87.00    11.645
      88.00    12.516
      89.00    14.153
      90.00    16.592
      91.00    19.794
      92.00    23.542
      93.00    27.441
      94.00    31.037
      95.00    33.961
      96.00    35.871
      97.00    36.191
      98.00    34.124
      99.00    29.463
     100.00    23.317
     101.00    17.445
     102.00    12.934
     103.00     9.855
     104.00     7.814
     105.00     6.426
     106.00     5.430
     107.00     4.667
     108.00     4.043
     109.00     3.505
     110.00     3.028
     111.00     2.599
     112.00     2.214
     113.00     1.870
     114.00     1.567
     115.00     1.302
     116.00     1.073
     117.00     0.877
     118.00     0.712
     119.00     0.573
     120.00     0.458
     121.00     0.363
     122.00     0.286
     123.00     0.225
     124.00     0.175
     125.00     0.136
     126.00     0.105
     127.00     0.081
     128.00     0.062
     129.00     0.048
     130.00     0.037
     131.00     0.028
     132.00     0.022
     133.00     0.017
     134.00     0.013
     135.00     0.010
     136.00     0.008
     137.00     0.006
     138.00     0.005
     139.00     0.004
     140.00     0.003
     141.00     0.003
     142.00     0.002
     143.00     0.002
     144.00     0.001
     145.00     0.001
     146.00     0.001
     147.00     0.001
     148.00     0.001
     149.00     0.001
     150.00     0.000
     151.00     0.000
     152.00     0.000
     153.00     0.000
     154.00     0.000
     155.00     0.000
     156.00     0.000
     157.00     0.000
     158.00     0.000
     159.00     0.000
     160.00     0.000
     161.00     0.000
     162.00     0.000
     163.00     0.000
     164.00     0.000
     165.00     0.000
     166.00     0.000
     167.00     0.000
     168.00     0.000
     169.00     0.000
     170.00     0.000
     171.00     0.000
     172.00     0.000
     173.00     0.000
     174.00     0.000
     175.00     0.000
     176.00     0.000
     177.00     0.000
     178.00     0.000
     179.00     0.000
     180.00     0.000
     181.00     0.000
     182.00     0.000
     183.00     0.000
     184.00     0.000
     185.00     0.000
     186.00     0.000
     187.00     0.000
     188.00     0.000
     189.00     0.000
     190.00     0.000
     191.00     0.000
     192.00     0.000
     193.00     0.000
     194.00     0.000
     195.00     0.000
     196.00     0.000
     197.00     0.000
     198.00     0.000
     199.00     0.000
     200.00     0.000
     201.00     0.000
     202.00     0.000
     203.00     0.000
     204.00     0.000
     205.00     0.000
     206.00     0.000
     207.00     0.000
     208.00     0.000
     209.00     0.000
     210.00     0.000
     211.00     0.000
     212.00     0.000
     213.00     0.000
     214.00     0.000
     215.00     0.000
     216.00     0.000
     217.00     0.000
     218.00     0.000
     219.00     0.000
     220.00     0.000
     221.00     0.000
     222.00     0.000
     223.00     0.000
     224.00     0.000
     225.00     0.000
     226.00     0.000
     227.00     0.000
     228.00     0.000
     229.00     0.000
     230.00     0.000
     231.00     0.000
     232.00     0.000
     233.00     0.000
     234.00     0.000
     235.00     0.000
     236.00     0.000
     237.00     0.000
     238.00     0.000
     239.00     0.000
     240.00     0.000
     241.00     0.000
     242.00     0.000
     243.00     0.000
     244.00     0.000
     245.00     0.000
     246.00     0.000
     247.00     0.000
     248.00     0.000
     249.00     0.000
     250.00     0.000
     251.00     0.000
     252.00     0.000
     253.00     0.000
     254.00     0.000
     255.00     0.000
     256.00     0.000
     257.00     0.000
     258.00     0.000
     259.00     0.000
     260.00     0.000
     261.00     0.000
     262.00     0.000
     263.00     0.000
     264.00     0.000
     265.00     0.000
     266.00     0.000
     267.00     0.000
     268.00     0.000
     269.00     0.000
     270.00     0.000
     271.00     0.000
     272.00     0.000
     273.00     0.000
     274.00     0.000
     275.00     0.000
     276.00     0.000
     277.00     0.000
     278.00     0.000
     279.00     0.000
     280.00     0.000
     281.00     0.000
     282.00     0.000
     283.00     0.000
     284.00     0.000
     285.00     0.000
     286.00     0.000
     287.00     0.000
     288.00     0.000
     289.00     0.000
     290.00     0.000
     291.00     0.000
     292.00     0.000
     293.00     0.000
     294.00     0.000
     295.00     0.000
     296.00     0.000
     297.00     0.000
     298.00     0.000
     299.00     0.000
     300.00     0.000
     301.00     0.000
     302.00     0.000
     303.00     0.000
     304.00     0.000
     305.00     0.000
     306.00     0.000
     307.00     0.000
     308.00     0.000
     309.00     0.000
     310.00     0.000
     311.00     0.000
     312.00     0.000
     313.00     0.000
     314.00     0.000
     315.00     0.000
     316.00     0.000
     317.00     0.000
     318.00     0.000
     319.00     0.000
     320.00     0.000
     321.00     0.000
     322.00     0.000
     323.00     0.000
     324.00     0.000
     325.00     0.000
     326.00     0.000
     327.00     0.000
     328.00     0.000
     329.00     0.000
     330.00     0.000
     331.00     0.000
     332.00     0.000
     333.00     0.000
     334.00     0.000
     335.00     0.000
     336.00     0.000
     337.00     0.000
     338.00     0.000
     339.00     0.000
     340.00     0.000
     341.00     0.000
     342.00     0.000
     343.00     0.000
     344.00     0.000
     345.00     0.000
     346.00     0.000
     347.00     0.000
     348.00     0.000
     349.00     0.000
     350.00     0.000
     351.00     0.000
     352.00     0.000
     353.00     0.000
     354.00     0.000
     355.00     0.000
     356.00     0.000
     357.00     0.000
     358.00     0.000
     359.00     0.000
     360.00     0.000
     361.00     0.000
     362.00     0.000
     363.00     0.000
     364.00     0.000
     365.00     0.000
     366.00     0.000
     367.00     0.000
     368.00     0.000
     369.00     0.000
     370.00     0.000
     371.00     0.000
     372.00     0.000
     373.00     0.000
     374.00     0.000
     375.00     0.000
     376.00     0.000
     377.00     0.000
     378.00     0.000
     379.00     0.000
     380.00     0.000
     381.00     0.000
     382.00     0.000
     383.00     0.000
     384.00     0.000
     385.00     0.000
     386.00     0.000
     387.00     0.000
     388.00     0.000
     389.00     0.000
     390.00     0.000
     391.00     0.000
     392.00     0.000
     393.00     0.000
     394.00     0.000
     395.00     0.000
     396.00     0.000
     397.00     0.000
     398.00     0.000
     399.00     0.000
     400.00     0.000
%% HI4PI Gaussians - height, velocity, width (sigma) 
%     21.611    51.790    22.610
%     67.544    -5.298     5.718
%     84.344   -20.707     3.636
%     51.345   -49.169     5.531
%     59.722    41.729     4.392
%     33.909   -37.946     4.227
%      6.432   -58.049    19.850
%     28.554    34.499     4.447
%     25.497   -63.004     4.056
%     31.899    77.327     3.210
%     27.863   -29.282     3.232
%     24.025    95.791     3.593
%      6.949    96.178     9.291
%     22.668   -14.714     2.212
%      5.001   -68.237     9.505
%     10.774   -57.662     2.719
%     18.638    -1.135     1.423
%     10.142    68.812     2.055
%      8.529    98.078     1.889
%     10.635    -5.636     1.431
%      8.047    71.500     1.226
%      7.452     1.830     0.872
%      2.622    56.718     1.767
%      1.354    14.899     3.353
%      2.641     4.641     1.152
%      0.056  -127.436     7.922
%      0.232  -300.250    -0.304
%      0.168   141.809    -0.350
%% component flagged & excluded if width negative ---
%% Gaussians are derived from GASS                   
