%%    339.000     0.000    0     0.200  -400.000   400.000
% HI4PI gauss data -------------
%   l, b, RA, DEC, beam interpolated N_HI, N_H2_dark, N_H2_tot  
% 339.000 ;   0.000 ; 250.811 ; -46.004 ;  0.223E+23 ;  0.887E+21 ;  0.327E+23
% nearest HEALPix pixel: l, b, RA, DEC, N_HI, N_H2_dark, N_H2_tot
% 339.038 ;   0.000 ; 250.847 ; -45.976 ;  0.226E+23 ;  0.102E+22 ;  0.330E+23
% GASS III survey --------------
% NH - median within 6 arcmin radius  0.214E+23
% NH - mean within specified beam     0.216E+23
% EBHIS survey -----------------
% NH  within specified beam            0.00    
%%EBHIS     0  datapoints: v_lsr [km/s] and T_B [K]
%%GASS    971  datapoints: v_lsr [km/s] and T_B [K]
     399.86    -0.023
     399.04    -0.117
     398.22    -0.145
     397.39     0.200
     396.57    -0.150
     395.74     0.046
     394.92    -0.017
     394.09    -0.068
     393.27     0.001
     392.44    -0.121
     391.62    -0.022
     390.80     0.122
     389.97     0.156
     389.15     0.185
     388.32     0.054
     387.50     0.091
     386.67     0.145
     385.85    -0.063
     385.02     0.145
     384.20    -0.152
     383.38     0.191
     382.55     0.032
     381.73    -0.047
     380.90     0.005
     380.08     0.207
     379.25    -0.002
     378.43    -0.074
     377.60    -0.205
     376.78     0.025
     375.96    -0.011
     375.13    -0.174
     374.31    -0.098
     373.48    -0.093
     372.66     0.009
     371.83    -0.059
     371.01     0.047
     370.18    -0.101
     369.36    -0.125
     368.53    -0.129
     367.71     0.076
     366.89     0.170
     366.06    -0.034
     365.24     0.061
     364.41    -0.206
     363.59    -0.226
     362.76    -0.073
     361.94     0.134
     361.11     0.049
     360.29    -0.052
     359.47    -0.074
     358.64     0.190
     357.82    -0.209
     356.99    -0.098
     356.17     0.117
     355.34    -0.085
     354.52    -0.201
     353.69    -0.298
     352.87     0.146
     352.05    -0.170
     351.22     0.087
     350.40     0.014
     349.57    -0.081
     348.75     0.068
     347.92    -0.081
     347.10     0.042
     346.27     0.086
     345.45     0.259
     344.63     0.037
     343.80     0.020
     342.98     0.085
     342.15     0.153
     341.33     0.099
     340.50     0.028
     339.68     0.004
     338.85     0.103
     338.03     0.152
     337.21    -0.085
     336.38    -0.034
     335.56     0.247
     334.73    -0.029
     333.91    -0.128
     333.08    -0.052
     332.26    -0.027
     331.43    -0.008
     330.61    -0.078
     329.79     0.065
     328.96     0.004
     328.14     0.031
     327.31    -0.063
     326.49     0.118
     325.66    -0.032
     324.84     0.211
     324.01     0.102
     323.19     0.029
     322.36    -0.029
     321.54     0.117
     320.72     0.080
     319.89    -0.250
     319.07     0.018
     318.24     0.003
     317.42    -0.020
     316.59    -0.058
     315.77    -0.092
     314.94    -0.015
     314.12     0.056
     313.30    -0.029
     312.47     0.055
     311.65    -0.068
     310.82     0.037
     310.00    -0.050
     309.17     0.083
     308.35    -0.112
     307.52     0.047
     306.70    -0.127
     305.88    -0.046
     305.05     0.003
     304.23    -0.150
     303.40    -0.141
     302.58    -0.045
     301.75     0.204
     300.93    -0.059
     300.10    -0.089
     299.28    -0.059
     298.46     0.051
     297.63     0.090
     296.81     0.108
     295.98    -0.072
     295.16    -0.174
     294.33    -0.020
     293.51    -0.049
     292.68    -0.073
     291.86    -0.024
     291.04     0.062
     290.21     0.002
     289.39    -0.139
     288.56    -0.102
     287.74    -0.217
     286.91    -0.070
     286.09     0.153
     285.26    -0.022
     284.44    -0.200
     283.62    -0.100
     282.79     0.360
     281.97    -0.005
     281.14    -0.046
     280.32    -0.067
     279.49    -0.059
     278.67    -0.036
     277.84     0.019
     277.02     0.190
     276.20    -0.016
     275.37     0.073
     274.55    -0.001
     273.72    -0.026
     272.90     0.091
     272.07    -0.015
     271.25    -0.206
     270.42     0.086
     269.60     0.038
     268.77    -0.049
     267.95    -0.048
     267.13     0.083
     266.30     0.116
     265.48    -0.054
     264.65     0.172
     263.83    -0.029
     263.00     0.024
     262.18     0.007
     261.35     0.021
     260.53     0.069
     259.71     0.052
     258.88    -0.026
     258.06    -0.078
     257.23     0.168
     256.41    -0.052
     255.58     0.085
     254.76    -0.005
     253.93    -0.035
     253.11    -0.021
     252.29     0.008
     251.46    -0.075
     250.64     0.135
     249.81     0.053
     248.99    -0.132
     248.16     0.078
     247.34     0.032
     246.51     0.135
     245.69     0.139
     244.87    -0.084
     244.04     0.090
     243.22    -0.030
     242.39     0.148
     241.57     0.062
     240.74    -0.095
     239.92     0.112
     239.09    -0.189
     238.27    -0.033
     237.45     0.013
     236.62     0.020
     235.80     0.104
     234.97     0.009
     234.15     0.040
     233.32    -0.177
     232.50     0.088
     231.67    -0.137
     230.85     0.160
     230.03    -0.065
     229.20    -0.022
     228.38     0.027
     227.55    -0.070
     226.73    -0.016
     225.90     0.068
     225.08    -0.129
     224.25     0.035
     223.43     0.034
     222.60     0.165
     221.78     0.103
     220.96    -0.166
     220.13     0.078
     219.31    -0.118
     218.48    -0.024
     217.66     0.031
     216.83     0.058
     216.01     0.112
     215.18     0.089
     214.36    -0.123
     213.54    -0.001
     212.71    -0.094
     211.89     0.188
     211.06    -0.054
     210.24     0.115
     209.41    -0.003
     208.59     0.141
     207.76     0.189
     206.94    -0.070
     206.12     0.018
     205.29    -0.062
     204.47     0.105
     203.64    -0.023
     202.82    -0.018
     201.99    -0.012
     201.17     0.057
     200.34    -0.094
     199.52     0.049
     198.70    -0.057
     197.87    -0.103
     197.05     0.000
     196.22     0.017
     195.40    -0.042
     194.57     0.260
     193.75    -0.141
     192.92     0.081
     192.10    -0.215
     191.28    -0.126
     190.45    -0.032
     189.63    -0.149
     188.80    -0.229
     187.98     0.187
     187.15     0.214
     186.33     0.201
     185.50    -0.004
     184.68    -0.102
     183.86     0.021
     183.03    -0.072
     182.21     0.129
     181.38     0.088
     180.56    -0.056
     179.73    -0.030
     178.91    -0.110
     178.08     0.041
     177.26    -0.064
     176.44    -0.186
     175.61    -0.121
     174.79    -0.051
     173.96     0.130
     173.14     0.015
     172.31     0.058
     171.49     0.042
     170.66    -0.049
     169.84     0.078
     169.01    -0.105
     168.19     0.105
     167.37     0.139
     166.54    -0.063
     165.72    -0.013
     164.89    -0.039
     164.07    -0.128
     163.24     0.110
     162.42    -0.036
     161.59     0.061
     160.77    -0.096
     159.95    -0.010
     159.12    -0.029
     158.30    -0.082
     157.47     0.130
     156.65     0.149
     155.82    -0.090
     155.00     0.005
     154.17     0.014
     153.35    -0.214
     152.53     0.124
     151.70    -0.103
     150.88     0.139
     150.05     0.161
     149.23     0.117
     148.40    -0.333
     147.58     0.110
     146.75    -0.085
     145.93    -0.003
     145.11     0.119
     144.28     0.136
     143.46     0.048
     142.63    -0.109
     141.81     0.025
     140.98    -0.130
     140.16    -0.120
     139.33     0.017
     138.51    -0.176
     137.69     0.045
     136.86    -0.030
     136.04     0.151
     135.21     0.003
     134.39    -0.013
     133.56    -0.072
     132.74    -0.173
     131.91    -0.425
     131.09     0.151
     130.27     0.149
     129.44    -0.102
     128.62    -0.102
     127.79    -0.156
     126.97     0.003
     126.14    -0.071
     125.32    -0.011
     124.49     0.069
     123.67    -0.083
     122.84     0.155
     122.02     0.261
     121.20    -0.141
     120.37    -0.115
     119.55     0.054
     118.72     0.060
     117.90     0.027
     117.07    -0.006
     116.25     0.146
     115.42    -0.225
     114.60    -0.005
     113.78     0.091
     112.95    -0.036
     112.13    -0.122
     111.30     0.125
     110.48     0.095
     109.65     0.251
     108.83    -0.034
     108.00    -0.174
     107.18    -0.098
     106.36    -0.105
     105.53     0.099
     104.71    -0.140
     103.88     0.112
     103.06     0.123
     102.23     0.159
     101.41     0.048
     100.58     0.131
      99.76    -0.001
      98.94     0.245
      98.11     0.097
      97.29     0.346
      96.46     0.098
      95.64     0.203
      94.81     0.203
      93.99     0.050
      93.16     0.333
      92.34     0.310
      91.52     0.315
      90.69     0.296
      89.87     0.370
      89.04     0.258
      88.22     0.397
      87.39     0.119
      86.57     0.433
      85.74     0.465
      84.92     0.416
      84.10     0.485
      83.27     0.650
      82.45     0.894
      81.62     0.862
      80.80     0.903
      79.97     1.198
      79.15     1.245
      78.32     1.442
      77.50     1.513
      76.68     1.601
      75.85     2.061
      75.03     2.268
      74.20     2.445
      73.38     2.952
      72.55     3.212
      71.73     3.974
      70.90     4.492
      70.08     5.189
      69.25     6.114
      68.43     6.409
      67.61     6.884
      66.78     7.225
      65.96     7.225
      65.13     7.256
      64.31     7.493
      63.48     7.531
      62.66     8.200
      61.83     8.666
      61.01     9.366
      60.19     9.892
      59.36    10.488
      58.54    10.764
      57.71    11.554
      56.89    12.330
      56.06    13.298
      55.24    14.322
      54.41    15.434
      53.59    16.996
      52.77    17.440
      51.94    17.710
      51.12    17.409
      50.29    16.244
      49.47    14.875
      48.64    13.428
      47.82    12.667
      46.99    12.102
      46.17    11.586
      45.35    11.319
      44.52    11.074
      43.70    10.711
      42.87    10.412
      42.05    10.179
      41.22    10.103
      40.40    10.066
      39.57    10.241
      38.75    10.557
      37.93    11.493
      37.10    11.924
      36.28    12.107
      35.45    12.567
      34.63    13.102
      33.80    13.467
      32.98    14.228
      32.15    15.529
      31.33    17.017
      30.51    19.102
      29.68    22.294
      28.86    25.835
      28.03    30.359
      27.21    35.106
      26.38    40.393
      25.56    45.554
      24.73    50.516
      23.91    54.431
      23.08    57.741
      22.26    60.134
      21.44    61.949
      20.61    62.901
      19.79    62.561
      18.96    61.741
      18.14    61.221
      17.31    59.564
      16.49    60.217
      15.66    61.553
      14.84    64.343
      14.02    66.226
      13.19    68.592
      12.37    70.417
      11.54    71.035
      10.72    70.913
       9.89    69.875
       9.07    68.513
       8.24    66.382
       7.42    65.719
       6.60    67.414
       5.77    68.304
       4.95    64.615
       4.12    61.398
       3.30    68.664
       2.47    86.294
       1.65    91.893
       0.82    90.891
       0.00    91.426
      -0.82    90.035
      -1.65    86.305
      -2.47    84.860
      -3.30    85.118
      -4.12    88.030
      -4.95    93.981
      -5.77   102.140
      -6.60   108.524
      -7.42   111.272
      -8.24   109.319
      -9.07   107.869
      -9.89   109.154
     -10.72   112.112
     -11.54   114.316
     -12.37   114.478
     -13.19   114.709
     -14.02   115.369
     -14.84   115.802
     -15.66   115.077
     -16.49   115.808
     -17.31   117.052
     -18.14   118.030
     -18.96   116.727
     -19.79   115.749
     -20.61   113.841
     -21.44   110.383
     -22.26   107.094
     -23.08   105.219
     -23.91   104.386
     -24.73   106.669
     -25.56   108.612
     -26.38   112.133
     -27.21   114.875
     -28.03   117.562
     -28.86   119.226
     -29.68   120.016
     -30.51   120.543
     -31.33   121.938
     -32.15   123.567
     -32.98   124.745
     -33.80   123.763
     -34.63   122.400
     -35.45   120.773
     -36.28   119.551
     -37.10   119.128
     -37.93   119.260
     -38.75   121.224
     -39.57   120.576
     -40.40   117.598
     -41.22   112.044
     -42.05   105.573
     -42.87    98.687
     -43.70    94.678
     -44.52    94.323
     -45.35    96.255
     -46.17   100.555
     -46.99   105.057
     -47.82   104.617
     -48.64   104.304
     -49.47   100.480
     -50.29    97.450
     -51.12    92.009
     -51.94    85.855
     -52.77    79.660
     -53.59    73.902
     -54.41    67.818
     -55.24    61.033
     -56.06    54.604
     -56.89    47.685
     -57.71    42.124
     -58.54    36.978
     -59.36    32.620
     -60.19    29.648
     -61.01    27.179
     -61.83    25.867
     -62.66    24.629
     -63.48    24.559
     -64.31    24.613
     -65.13    25.654
     -65.96    26.546
     -66.78    28.516
     -67.61    31.148
     -68.43    33.997
     -69.25    36.898
     -70.08    39.808
     -70.90    42.859
     -71.73    45.781
     -72.55    47.658
     -73.38    49.340
     -74.20    51.501
     -75.03    53.386
     -75.85    55.117
     -76.68    57.232
     -77.50    59.005
     -78.32    59.678
     -79.15    59.810
     -79.97    59.353
     -80.80    58.114
     -81.62    56.738
     -82.45    54.669
     -83.27    53.006
     -84.10    51.094
     -84.92    49.445
     -85.74    47.855
     -86.57    46.625
     -87.39    45.841
     -88.22    45.500
     -89.04    46.154
     -89.87    46.782
     -90.69    48.103
     -91.52    50.879
     -92.34    53.161
     -93.16    56.314
     -93.99    59.272
     -94.81    62.487
     -95.64    65.266
     -96.46    68.420
     -97.29    71.061
     -98.11    72.760
     -98.94    74.852
     -99.76    74.924
    -100.58    74.183
    -101.41    72.938
    -102.23    70.606
    -103.06    67.800
    -103.88    64.194
    -104.71    60.448
    -105.53    56.057
    -106.36    52.358
    -107.18    48.742
    -108.00    46.022
    -108.83    43.863
    -109.65    43.008
    -110.48    43.168
    -111.30    43.983
    -112.13    45.627
    -112.95    47.851
    -113.78    50.717
    -114.60    53.229
    -115.42    56.368
    -116.25    58.398
    -117.07    61.379
    -117.90    63.708
    -118.72    65.911
    -119.55    67.828
    -120.37    68.105
    -121.20    68.419
    -122.02    67.635
    -122.84    65.791
    -123.67    63.513
    -124.49    60.931
    -125.32    57.873
    -126.14    54.771
    -126.97    52.566
    -127.79    49.528
    -128.62    46.684
    -129.44    43.908
    -130.27    40.136
    -131.09    36.418
    -131.91    32.056
    -132.74    27.687
    -133.56    23.532
    -134.39    19.808
    -135.21    16.417
    -136.04    13.949
    -136.86    11.267
    -137.69     9.325
    -138.51     7.307
    -139.33     5.882
    -140.16     4.353
    -140.98     3.413
    -141.81     2.653
    -142.63     2.121
    -143.46     1.728
    -144.28     1.465
    -145.11     0.987
    -145.93     0.849
    -146.75     0.669
    -147.58     0.551
    -148.40     0.577
    -149.23     0.579
    -150.05     0.516
    -150.88     0.284
    -151.70     0.134
    -152.53     0.436
    -153.35     0.349
    -154.17     0.184
    -155.00     0.075
    -155.82     0.044
    -156.65    -0.056
    -157.47     0.117
    -158.30     0.183
    -159.12    -0.009
    -159.95    -0.052
    -160.77     0.148
    -161.59     0.116
    -162.42     0.196
    -163.24    -0.002
    -164.07    -0.126
    -164.89     0.009
    -165.72    -0.014
    -166.54    -0.134
    -167.37    -0.188
    -168.19    -0.066
    -169.01     0.038
    -169.84    -0.086
    -170.66    -0.139
    -171.49     0.015
    -172.31     0.061
    -173.14    -0.092
    -173.96    -0.144
    -174.79     0.026
    -175.61    -0.033
    -176.44     0.130
    -177.26    -0.033
    -178.08    -0.104
    -178.91    -0.090
    -179.73    -0.125
    -180.56    -0.067
    -181.38     0.061
    -182.21     0.100
    -183.03    -0.087
    -183.86     0.085
    -184.68    -0.148
    -185.50    -0.027
    -186.33    -0.167
    -187.15     0.098
    -187.98     0.000
    -188.80    -0.014
    -189.63     0.186
    -190.45     0.104
    -191.28     0.028
    -192.10    -0.144
    -192.92     0.101
    -193.75     0.000
    -194.57     0.045
    -195.40    -0.042
    -196.22    -0.005
    -197.05     0.250
    -197.87     0.086
    -198.70    -0.046
    -199.52     0.010
    -200.34     0.058
    -201.17    -0.053
    -201.99    -0.108
    -202.82    -0.025
    -203.64     0.147
    -204.47    -0.038
    -205.29     0.060
    -206.12    -0.032
    -206.94     0.054
    -207.76    -0.057
    -208.59    -0.006
    -209.41    -0.027
    -210.24    -0.023
    -211.06     0.076
    -211.89     0.039
    -212.71    -0.395
    -213.54    -0.097
    -214.36     0.066
    -215.18    -0.236
    -216.01     0.027
    -216.83     0.007
    -217.66     0.020
    -218.48     0.100
    -219.31     0.299
    -220.13     0.057
    -220.96     0.219
    -221.78     0.013
    -222.60    -0.024
    -223.43     0.060
    -224.25    -0.047
    -225.08     0.064
    -225.90     0.001
    -226.73    -0.039
    -227.55     0.019
    -228.38     0.018
    -229.20    -0.063
    -230.03    -0.090
    -230.85    -0.025
    -231.67     0.029
    -232.50     0.092
    -233.32    -0.050
    -234.15    -0.054
    -234.97    -0.107
    -235.80    -0.004
    -236.62    -0.154
    -237.45     0.093
    -238.27    -0.012
    -239.09     0.090
    -239.92    -0.034
    -240.74     0.054
    -241.57     0.038
    -242.39    -0.063
    -243.22    -0.072
    -244.04     0.063
    -244.87    -0.043
    -245.69    -0.152
    -246.51     0.179
    -247.34    -0.007
    -248.16     0.050
    -248.99     0.014
    -249.81    -0.038
    -250.64    -0.063
    -251.46     0.002
    -252.29    -0.077
    -253.11     0.110
    -253.93    -0.160
    -254.76    -0.129
    -255.58     0.102
    -256.41    -0.126
    -257.23    -0.034
    -258.06     0.029
    -258.88     0.172
    -259.71     0.034
    -260.53    -0.018
    -261.35     0.022
    -262.18    -0.038
    -263.00    -0.060
    -263.83    -0.047
    -264.65    -0.076
    -265.48    -0.103
    -266.30     0.069
    -267.13    -0.174
    -267.95     0.004
    -268.77     0.036
    -269.60     0.233
    -270.42    -0.071
    -271.25    -0.058
    -272.07     0.185
    -272.90    -0.118
    -273.72     0.094
    -274.55    -0.101
    -275.37    -0.051
    -276.20     0.091
    -277.02     0.278
    -277.84     0.084
    -278.67     0.068
    -279.49    -0.047
    -280.32    -0.018
    -281.14     0.078
    -281.97    -0.099
    -282.79    -0.079
    -283.62    -0.064
    -284.44     0.016
    -285.26    -0.118
    -286.09     0.195
    -286.91     0.087
    -287.74     0.099
    -288.56    -0.253
    -289.39     0.025
    -290.21     0.041
    -291.04    -0.062
    -291.86    -0.107
    -292.68    -0.061
    -293.51     0.002
    -294.33     0.043
    -295.16     0.078
    -295.98     0.211
    -296.81    -0.081
    -297.63    -0.154
    -298.46    -0.058
    -299.28     0.200
    -300.10     0.019
    -300.93    -0.179
    -301.75     0.055
    -302.58     0.190
    -303.40     0.071
    -304.23    -0.009
    -305.05    -0.066
    -305.88    -0.062
    -306.70     0.002
    -307.52    -0.119
    -308.35    -0.140
    -309.17     0.076
    -310.00    -0.054
    -310.82    -0.010
    -311.65     0.157
    -312.47    -0.038
    -313.30    -0.072
    -314.12    -0.100
    -314.94    -0.013
    -315.77     0.140
    -316.59    -0.117
    -317.42     0.149
    -318.24    -0.057
    -319.07    -0.076
    -319.89    -0.121
    -320.72     0.087
    -321.54    -0.141
    -322.36     0.045
    -323.19    -0.014
    -324.01    -0.111
    -324.84    -0.035
    -325.66     0.112
    -326.49    -0.182
    -327.31    -0.059
    -328.14     0.062
    -328.96    -0.004
    -329.79    -0.188
    -330.61     0.097
    -331.43     0.104
    -332.26    -0.130
    -333.08     0.047
    -333.91     0.130
    -334.73    -0.065
    -335.56    -0.201
    -336.38    -0.112
    -337.21     0.112
    -338.03    -0.239
    -338.85    -0.140
    -339.68     0.132
    -340.50     0.000
    -341.33    -0.183
    -342.15     0.178
    -342.98    -0.084
    -343.80     0.176
    -344.63     0.023
    -345.45     0.087
    -346.27    -0.035
    -347.10     0.103
    -347.92     0.204
    -348.75     0.007
    -349.57    -0.093
    -350.40     0.063
    -351.22     0.136
    -352.05     0.090
    -352.87     0.023
    -353.69     0.037
    -354.52    -0.037
    -355.34    -0.112
    -356.17     0.038
    -356.99     0.060
    -357.82    -0.155
    -358.64     0.197
    -359.47     0.074
    -360.29    -0.160
    -361.11    -0.150
    -361.94    -0.051
    -362.76     0.029
    -363.59     0.165
    -364.41     0.014
    -365.24     0.055
    -366.06     0.046
    -366.89    -0.065
    -367.71    -0.010
    -368.53     0.069
    -369.36    -0.074
    -370.18     0.109
    -371.01    -0.021
    -371.83    -0.062
    -372.66     0.140
    -373.48    -0.041
    -374.31    -0.010
    -375.13    -0.018
    -375.96    -0.100
    -376.78    -0.120
    -377.60     0.075
    -378.43     0.041
    -379.25    -0.001
    -380.08    -0.011
    -380.90     0.161
    -381.73    -0.019
    -382.55    -0.074
    -383.38     0.185
    -384.20     0.198
    -385.02     0.165
    -385.85     0.071
    -386.67    -0.036
    -387.50     0.089
    -388.32    -0.107
    -389.15     0.011
    -389.97     0.115
    -390.80    -0.047
    -391.62     0.070
    -392.44     0.074
    -393.27    -0.027
    -394.09    -0.073
    -394.92     0.085
    -395.74     0.062
    -396.57    -0.240
    -397.39    -0.051
    -398.22     0.098
    -399.04    -0.029
    -399.86    -0.175
%%gauss   801  datapoints: v_lsr [km/s] and T_B [K]
    -400.00     0.000
    -399.00     0.000
    -398.00     0.000
    -397.00     0.000
    -396.00     0.000
    -395.00     0.000
    -394.00     0.000
    -393.00     0.000
    -392.00     0.000
    -391.00     0.000
    -390.00     0.000
    -389.00     0.000
    -388.00     0.000
    -387.00     0.000
    -386.00     0.000
    -385.00     0.000
    -384.00     0.000
    -383.00     0.000
    -382.00     0.000
    -381.00     0.000
    -380.00     0.000
    -379.00     0.000
    -378.00     0.000
    -377.00     0.000
    -376.00     0.000
    -375.00     0.000
    -374.00     0.000
    -373.00     0.000
    -372.00     0.000
    -371.00     0.000
    -370.00     0.000
    -369.00     0.000
    -368.00     0.000
    -367.00     0.000
    -366.00     0.000
    -365.00     0.000
    -364.00     0.000
    -363.00     0.000
    -362.00     0.000
    -361.00     0.000
    -360.00     0.000
    -359.00     0.000
    -358.00     0.000
    -357.00     0.000
    -356.00     0.000
    -355.00     0.000
    -354.00     0.000
    -353.00     0.000
    -352.00     0.000
    -351.00     0.000
    -350.00     0.000
    -349.00     0.000
    -348.00     0.000
    -347.00     0.000
    -346.00     0.000
    -345.00     0.000
    -344.00     0.000
    -343.00     0.000
    -342.00     0.000
    -341.00     0.000
    -340.00     0.000
    -339.00     0.000
    -338.00     0.000
    -337.00     0.000
    -336.00     0.000
    -335.00     0.000
    -334.00     0.000
    -333.00     0.000
    -332.00     0.000
    -331.00     0.000
    -330.00     0.000
    -329.00     0.000
    -328.00     0.000
    -327.00     0.000
    -326.00     0.000
    -325.00     0.000
    -324.00     0.000
    -323.00     0.000
    -322.00     0.000
    -321.00     0.000
    -320.00     0.000
    -319.00     0.000
    -318.00     0.000
    -317.00     0.000
    -316.00     0.000
    -315.00     0.000
    -314.00     0.000
    -313.00     0.000
    -312.00     0.000
    -311.00     0.000
    -310.00     0.000
    -309.00     0.000
    -308.00     0.000
    -307.00     0.000
    -306.00     0.000
    -305.00     0.000
    -304.00     0.000
    -303.00     0.000
    -302.00     0.000
    -301.00     0.000
    -300.00     0.000
    -299.00     0.000
    -298.00     0.000
    -297.00     0.000
    -296.00     0.000
    -295.00     0.000
    -294.00     0.000
    -293.00     0.000
    -292.00     0.000
    -291.00     0.000
    -290.00     0.000
    -289.00     0.000
    -288.00     0.000
    -287.00     0.000
    -286.00     0.000
    -285.00     0.000
    -284.00     0.000
    -283.00     0.000
    -282.00     0.000
    -281.00     0.000
    -280.00     0.000
    -279.00     0.000
    -278.00     0.000
    -277.00     0.000
    -276.00     0.000
    -275.00     0.000
    -274.00     0.000
    -273.00     0.000
    -272.00     0.000
    -271.00     0.000
    -270.00     0.000
    -269.00     0.000
    -268.00     0.000
    -267.00     0.000
    -266.00     0.000
    -265.00     0.000
    -264.00     0.000
    -263.00     0.000
    -262.00     0.000
    -261.00     0.000
    -260.00     0.000
    -259.00     0.000
    -258.00     0.000
    -257.00     0.000
    -256.00     0.000
    -255.00     0.000
    -254.00     0.000
    -253.00     0.000
    -252.00     0.000
    -251.00     0.000
    -250.00     0.000
    -249.00     0.000
    -248.00     0.000
    -247.00     0.000
    -246.00     0.000
    -245.00     0.000
    -244.00     0.000
    -243.00     0.000
    -242.00     0.000
    -241.00     0.000
    -240.00     0.000
    -239.00     0.000
    -238.00     0.000
    -237.00     0.000
    -236.00     0.000
    -235.00     0.000
    -234.00     0.000
    -233.00     0.000
    -232.00     0.000
    -231.00     0.000
    -230.00     0.000
    -229.00     0.000
    -228.00     0.000
    -227.00     0.000
    -226.00     0.000
    -225.00     0.000
    -224.00     0.000
    -223.00     0.000
    -222.00     0.000
    -221.00     0.000
    -220.00     0.000
    -219.00     0.000
    -218.00     0.000
    -217.00     0.000
    -216.00     0.000
    -215.00     0.000
    -214.00     0.000
    -213.00     0.000
    -212.00     0.000
    -211.00     0.000
    -210.00     0.000
    -209.00     0.000
    -208.00     0.000
    -207.00     0.000
    -206.00     0.000
    -205.00     0.000
    -204.00     0.000
    -203.00     0.000
    -202.00     0.000
    -201.00     0.000
    -200.00     0.000
    -199.00     0.000
    -198.00     0.001
    -197.00     0.001
    -196.00     0.001
    -195.00     0.001
    -194.00     0.001
    -193.00     0.001
    -192.00     0.001
    -191.00     0.001
    -190.00     0.001
    -189.00     0.002
    -188.00     0.002
    -187.00     0.002
    -186.00     0.002
    -185.00     0.003
    -184.00     0.003
    -183.00     0.003
    -182.00     0.004
    -181.00     0.004
    -180.00     0.005
    -179.00     0.005
    -178.00     0.006
    -177.00     0.007
    -176.00     0.008
    -175.00     0.009
    -174.00     0.010
    -173.00     0.011
    -172.00     0.013
    -171.00     0.015
    -170.00     0.017
    -169.00     0.020
    -168.00     0.023
    -167.00     0.027
    -166.00     0.031
    -165.00     0.036
    -164.00     0.043
    -163.00     0.051
    -162.00     0.060
    -161.00     0.071
    -160.00     0.084
    -159.00     0.101
    -158.00     0.120
    -157.00     0.142
    -156.00     0.168
    -155.00     0.199
    -154.00     0.234
    -153.00     0.276
    -152.00     0.325
    -151.00     0.383
    -150.00     0.455
    -149.00     0.544
    -148.00     0.658
    -147.00     0.806
    -146.00     1.004
    -145.00     1.269
    -144.00     1.630
    -143.00     2.126
    -142.00     2.813
    -141.00     3.767
    -140.00     5.081
    -139.00     6.837
    -138.00     9.070
    -137.00    11.749
    -136.00    14.844
    -135.00    18.394
    -134.00    22.485
    -133.00    27.126
    -132.00    32.115
    -131.00    37.041
    -130.00    41.497
    -129.00    45.343
    -128.00    48.765
    -127.00    52.071
    -126.00    55.451
    -125.00    58.863
    -124.00    62.062
    -123.00    64.694
    -122.00    66.422
    -121.00    67.045
    -120.00    66.564
    -119.00    65.138
    -118.00    62.981
    -117.00    60.275
    -116.00    57.164
    -115.00    53.806
    -114.00    50.418
    -113.00    47.287
    -112.00    44.735
    -111.00    43.067
    -110.00    42.518
    -109.00    43.215
    -108.00    45.159
    -107.00    48.218
    -106.00    52.138
    -105.00    56.564
    -104.00    61.074
    -103.00    65.225
    -102.00    68.610
    -101.00    70.907
    -100.00    71.924
     -99.00    71.614
     -98.00    70.078
     -97.00    67.548
     -96.00    64.347
     -95.00    60.812
     -94.00    57.174
     -93.00    53.603
     -92.00    50.368
     -91.00    47.794
     -90.00    46.070
     -89.00    45.218
     -88.00    45.174
     -87.00    45.852
     -86.00    47.153
     -85.00    48.969
     -84.00    51.155
     -83.00    53.509
     -82.00    55.769
     -81.00    57.644
     -80.00    58.873
     -79.00    59.279
     -78.00    58.817
     -77.00    57.585
     -76.00    55.783
     -75.00    53.652
     -74.00    51.373
     -73.00    48.991
     -72.00    46.405
     -71.00    43.468
     -70.00    40.145
     -69.00    36.621
     -68.00    33.235
     -67.00    30.319
     -66.00    28.074
     -65.00    26.565
     -64.00    25.801
     -63.00    25.811
     -62.00    26.683
     -61.00    28.563
     -60.00    31.624
     -59.00    35.998
     -58.00    41.688
     -57.00    48.484
     -56.00    55.967
     -55.00    63.637
     -54.00    71.117
     -53.00    78.267
     -52.00    85.122
     -51.00    91.657
     -50.00    97.474
     -49.00   101.677
     -48.00   103.207
     -47.00   101.646
     -46.00    97.959
     -45.00    94.491
     -44.00    93.911
     -43.00    97.646
     -42.00   104.779
     -41.00   112.359
     -40.00   117.284
     -39.00   118.501
     -38.00   117.576
     -37.00   117.019
     -36.00   118.141
     -35.00   120.380
     -34.00   122.265
     -33.00   122.775
     -32.00   121.950
     -31.00   120.524
     -30.00   119.110
     -29.00   117.678
     -28.00   115.720
     -27.00   112.888
     -26.00   109.517
     -25.00   106.573
     -24.00   105.098
     -23.00   105.597
     -22.00   107.782
     -21.00   110.745
     -20.00   113.416
     -19.00   115.024
     -18.00   115.387
     -17.00   114.898
     -16.00   114.240
     -15.00   113.959
     -14.00   114.108
     -13.00   114.153
     -12.00   113.258
     -11.00   110.961
     -10.00   108.081
      -9.00   106.905
      -8.00   108.435
      -7.00   108.566
      -6.00   102.535
      -5.00    92.910
      -4.00    85.641
      -3.00    83.322
      -2.00    85.718
      -1.00    90.167
       0.00    91.181
       1.00    90.236
       2.00    90.251
       3.00    72.158
       4.00    61.581
       5.00    65.627
       6.00    68.141
       7.00    66.446
       8.00    66.135
       9.00    67.959
      10.00    69.861
      11.00    70.629
      12.00    69.972
      13.00    68.010
      14.00    65.194
      15.00    62.344
      16.00    60.335
      17.00    59.621
      18.00    60.067
      19.00    61.119
      20.00    62.042
      21.00    62.119
      22.00    60.811
      23.00    57.866
      24.00    53.370
      25.00    47.698
      26.00    41.406
      27.00    35.089
      28.00    29.261
      29.00    24.282
      30.00    20.330
      31.00    17.414
      32.00    15.422
      33.00    14.157
      34.00    13.385
      35.00    12.860
      36.00    12.360
      37.00    11.764
      38.00    11.113
      39.00    10.538
      40.00    10.150
      41.00     9.996
      42.00    10.067
      43.00    10.310
      44.00    10.646
      45.00    11.016
      46.00    11.420
      47.00    11.960
      48.00    12.807
      49.00    14.050
      50.00    15.542
      51.00    16.866
      52.00    17.515
      53.00    17.212
      54.00    16.107
      55.00    14.646
      56.00    13.265
      57.00    12.173
      58.00    11.346
      59.00    10.649
      60.00     9.961
      61.00     9.243
      62.00     8.548
      63.00     7.972
      64.00     7.575
      65.00     7.346
      66.00     7.202
      67.00     7.010
      68.00     6.644
      69.00     6.051
      70.00     5.287
      71.00     4.477
      72.00     3.739
      73.00     3.132
      74.00     2.655
      75.00     2.280
      76.00     1.978
      77.00     1.723
      78.00     1.501
      79.00     1.304
      80.00     1.129
      81.00     0.975
      82.00     0.839
      83.00     0.721
      84.00     0.619
      85.00     0.532
      86.00     0.459
      87.00     0.398
      88.00     0.349
      89.00     0.310
      90.00     0.280
      91.00     0.256
      92.00     0.237
      93.00     0.219
      94.00     0.200
      95.00     0.180
      96.00     0.159
      97.00     0.137
      98.00     0.116
      99.00     0.098
     100.00     0.085
     101.00     0.074
     102.00     0.061
     103.00     0.049
     104.00     0.040
     105.00     0.034
     106.00     0.030
     107.00     0.026
     108.00     0.022
     109.00     0.020
     110.00     0.017
     111.00     0.015
     112.00     0.013
     113.00     0.012
     114.00     0.011
     115.00     0.009
     116.00     0.008
     117.00     0.007
     118.00     0.007
     119.00     0.006
     120.00     0.005
     121.00     0.005
     122.00     0.004
     123.00     0.004
     124.00     0.003
     125.00     0.003
     126.00     0.003
     127.00     0.002
     128.00     0.002
     129.00     0.002
     130.00     0.002
     131.00     0.002
     132.00     0.001
     133.00     0.001
     134.00     0.001
     135.00     0.001
     136.00     0.001
     137.00     0.001
     138.00     0.001
     139.00     0.001
     140.00     0.001
     141.00     0.000
     142.00     0.000
     143.00     0.000
     144.00     0.000
     145.00     0.000
     146.00     0.000
     147.00     0.000
     148.00     0.000
     149.00     0.000
     150.00     0.000
     151.00     0.000
     152.00     0.000
     153.00     0.000
     154.00     0.000
     155.00     0.001
     156.00     0.001
     157.00     0.001
     158.00     0.001
     159.00     0.001
     160.00     0.002
     161.00     0.002
     162.00     0.003
     163.00     0.003
     164.00     0.003
     165.00     0.004
     166.00     0.004
     167.00     0.005
     168.00     0.005
     169.00     0.005
     170.00     0.005
     171.00     0.005
     172.00     0.005
     173.00     0.005
     174.00     0.004
     175.00     0.004
     176.00     0.003
     177.00     0.003
     178.00     0.003
     179.00     0.002
     180.00     0.002
     181.00     0.001
     182.00     0.001
     183.00     0.001
     184.00     0.001
     185.00     0.001
     186.00     0.000
     187.00     0.000
     188.00     0.000
     189.00     0.000
     190.00     0.000
     191.00     0.000
     192.00     0.000
     193.00     0.000
     194.00     0.000
     195.00     0.000
     196.00     0.000
     197.00     0.000
     198.00     0.000
     199.00     0.000
     200.00     0.000
     201.00     0.000
     202.00     0.000
     203.00     0.000
     204.00     0.000
     205.00     0.000
     206.00     0.000
     207.00     0.000
     208.00     0.000
     209.00     0.000
     210.00     0.000
     211.00     0.000
     212.00     0.000
     213.00     0.000
     214.00     0.000
     215.00     0.000
     216.00     0.000
     217.00     0.000
     218.00     0.000
     219.00     0.000
     220.00     0.000
     221.00     0.000
     222.00     0.000
     223.00     0.000
     224.00     0.000
     225.00     0.000
     226.00     0.000
     227.00     0.000
     228.00     0.000
     229.00     0.000
     230.00     0.000
     231.00     0.000
     232.00     0.000
     233.00     0.000
     234.00     0.000
     235.00     0.000
     236.00     0.000
     237.00     0.000
     238.00     0.000
     239.00     0.000
     240.00     0.000
     241.00     0.000
     242.00     0.000
     243.00     0.000
     244.00     0.000
     245.00     0.000
     246.00     0.000
     247.00     0.000
     248.00     0.000
     249.00     0.000
     250.00     0.000
     251.00     0.000
     252.00     0.000
     253.00     0.000
     254.00     0.000
     255.00     0.000
     256.00     0.000
     257.00     0.000
     258.00     0.000
     259.00     0.000
     260.00     0.000
     261.00     0.000
     262.00     0.000
     263.00     0.000
     264.00     0.000
     265.00     0.000
     266.00     0.000
     267.00     0.000
     268.00     0.000
     269.00     0.000
     270.00     0.000
     271.00     0.000
     272.00     0.000
     273.00     0.000
     274.00     0.000
     275.00     0.000
     276.00     0.000
     277.00     0.000
     278.00     0.000
     279.00     0.000
     280.00     0.000
     281.00     0.000
     282.00     0.000
     283.00     0.000
     284.00     0.000
     285.00     0.000
     286.00     0.000
     287.00     0.000
     288.00     0.000
     289.00     0.000
     290.00     0.000
     291.00     0.000
     292.00     0.000
     293.00     0.000
     294.00     0.000
     295.00     0.000
     296.00     0.000
     297.00     0.000
     298.00     0.000
     299.00     0.000
     300.00     0.000
     301.00     0.000
     302.00     0.000
     303.00     0.000
     304.00     0.000
     305.00     0.000
     306.00     0.000
     307.00     0.000
     308.00     0.000
     309.00     0.000
     310.00     0.000
     311.00     0.000
     312.00     0.000
     313.00     0.000
     314.00     0.000
     315.00     0.000
     316.00     0.000
     317.00     0.000
     318.00     0.000
     319.00     0.000
     320.00     0.000
     321.00     0.000
     322.00     0.000
     323.00     0.000
     324.00     0.000
     325.00     0.000
     326.00     0.000
     327.00     0.000
     328.00     0.000
     329.00     0.000
     330.00     0.000
     331.00     0.000
     332.00     0.000
     333.00     0.000
     334.00     0.000
     335.00     0.000
     336.00     0.000
     337.00     0.000
     338.00     0.000
     339.00     0.000
     340.00     0.000
     341.00     0.000
     342.00     0.000
     343.00     0.000
     344.00     0.000
     345.00     0.000
     346.00     0.000
     347.00     0.000
     348.00     0.000
     349.00     0.000
     350.00     0.000
     351.00     0.000
     352.00     0.000
     353.00     0.000
     354.00     0.000
     355.00     0.000
     356.00     0.000
     357.00     0.000
     358.00     0.000
     359.00     0.000
     360.00     0.000
     361.00     0.000
     362.00     0.000
     363.00     0.000
     364.00     0.000
     365.00     0.000
     366.00     0.000
     367.00     0.000
     368.00     0.000
     369.00     0.000
     370.00     0.000
     371.00     0.000
     372.00     0.000
     373.00     0.000
     374.00     0.000
     375.00     0.000
     376.00     0.000
     377.00     0.000
     378.00     0.000
     379.00     0.000
     380.00     0.000
     381.00     0.000
     382.00     0.000
     383.00     0.000
     384.00     0.000
     385.00     0.000
     386.00     0.000
     387.00     0.000
     388.00     0.000
     389.00     0.000
     390.00     0.000
     391.00     0.000
     392.00     0.000
     393.00     0.000
     394.00     0.000
     395.00     0.000
     396.00     0.000
     397.00     0.000
     398.00     0.000
     399.00     0.000
     400.00     0.000
%% HI4PI Gaussians - height, velocity, width (sigma) 
%     31.156   -28.813    38.588
%     67.841  -120.749     8.269
%     93.991   -33.752     4.574
%     80.619   -10.713     4.272
%     49.082   -79.488     6.959
%     78.086   -19.847     4.335
%     47.789   -96.778     5.690
%     56.795   -51.624     4.391
%     52.717    10.452     4.416
%     48.915    21.672     4.565
%     58.498   -40.669     2.659
%     32.810  -102.989     4.600
%     45.533    -2.750     2.637
%     43.250   -47.053     2.696
%     36.495   -27.320     2.692
%     42.046     0.332     1.495
%     14.433    52.142     3.410
%     23.581     5.209     1.641
%     21.065    -6.888     1.328
%     30.766     2.204     0.859
%      4.915    36.102     4.670
%      6.368    59.470     2.809
%      7.636  -130.570     2.200
%      4.614    66.371     3.414
%      5.647   -70.668     2.297
%      4.293    44.744     2.531
%      3.418  -135.632     2.383
%      1.339    71.776     5.753
%      0.272   211.949    -0.325
%% component flagged & excluded if width negative ---
%% Gaussians are derived from GASS                   
