%%    291.000    -1.200    0     0.200  -400.000   400.000
% HI4PI gauss data -------------
%   l, b, RA, DEC, beam interpolated N_HI, N_H2_dark, N_H2_tot  
% 291.000 ;  -1.200 ; 167.049 ; -61.657 ;  0.111E+23 ;  0.518E+21 ;  0.391E+22
% nearest HEALPix pixel: l, b, RA, DEC, N_HI, N_H2_dark, N_H2_tot
% 291.006 ;  -1.231 ; 167.035 ; -61.687 ;  0.112E+23 ;  0.595E+21 ;  0.396E+22
% GASS III survey --------------
% NH - median within 6 arcmin radius  0.105E+23
% NH - mean within specified beam     0.106E+23
% EBHIS survey -----------------
% NH  within specified beam            0.00    
%%EBHIS     0  datapoints: v_lsr [km/s] and T_B [K]
%%GASS    971  datapoints: v_lsr [km/s] and T_B [K]
     399.86     0.003
     399.04    -0.045
     398.22    -0.063
     397.39    -0.027
     396.57    -0.023
     395.74     0.104
     394.92     0.011
     394.09     0.022
     393.27    -0.010
     392.44    -0.066
     391.62     0.013
     390.80    -0.037
     389.97    -0.084
     389.15    -0.053
     388.32    -0.080
     387.50    -0.029
     386.67    -0.050
     385.85    -0.003
     385.02     0.042
     384.20     0.070
     383.38     0.058
     382.55    -0.001
     381.73     0.039
     380.90     0.017
     380.08    -0.075
     379.25    -0.021
     378.43    -0.063
     377.60     0.087
     376.78    -0.113
     375.96     0.058
     375.13     0.029
     374.31     0.075
     373.48    -0.022
     372.66     0.017
     371.83     0.002
     371.01    -0.040
     370.18     0.057
     369.36     0.005
     368.53     0.035
     367.71    -0.096
     366.89     0.010
     366.06     0.059
     365.24    -0.142
     364.41     0.034
     363.59     0.079
     362.76     0.008
     361.94    -0.127
     361.11    -0.005
     360.29    -0.001
     359.47     0.003
     358.64     0.050
     357.82    -0.139
     356.99     0.047
     356.17     0.113
     355.34    -0.071
     354.52    -0.098
     353.69    -0.008
     352.87    -0.016
     352.05     0.043
     351.22     0.009
     350.40    -0.002
     349.57     0.080
     348.75    -0.005
     347.92     0.015
     347.10    -0.050
     346.27     0.023
     345.45     0.013
     344.63    -0.095
     343.80     0.016
     342.98     0.083
     342.15    -0.059
     341.33     0.085
     340.50    -0.012
     339.68     0.021
     338.85     0.011
     338.03    -0.068
     337.21     0.025
     336.38    -0.052
     335.56     0.034
     334.73    -0.063
     333.91     0.039
     333.08     0.094
     332.26    -0.115
     331.43    -0.026
     330.61     0.097
     329.79    -0.021
     328.96     0.033
     328.14     0.116
     327.31     0.030
     326.49    -0.033
     325.66     0.025
     324.84    -0.028
     324.01    -0.007
     323.19    -0.024
     322.36     0.072
     321.54    -0.038
     320.72    -0.007
     319.89     0.025
     319.07    -0.005
     318.24     0.081
     317.42    -0.008
     316.59     0.028
     315.77    -0.044
     314.94     0.006
     314.12    -0.097
     313.30    -0.048
     312.47     0.029
     311.65    -0.026
     310.82     0.085
     310.00     0.026
     309.17     0.016
     308.35     0.124
     307.52    -0.038
     306.70     0.091
     305.88     0.004
     305.05    -0.007
     304.23     0.063
     303.40     0.030
     302.58     0.045
     301.75     0.004
     300.93     0.051
     300.10     0.032
     299.28     0.000
     298.46    -0.036
     297.63    -0.024
     296.81    -0.001
     295.98    -0.029
     295.16     0.009
     294.33     0.036
     293.51    -0.024
     292.68    -0.061
     291.86    -0.003
     291.04     0.082
     290.21    -0.030
     289.39    -0.017
     288.56    -0.036
     287.74    -0.062
     286.91     0.030
     286.09     0.072
     285.26     0.011
     284.44     0.005
     283.62    -0.134
     282.79    -0.021
     281.97    -0.087
     281.14    -0.000
     280.32     0.044
     279.49    -0.057
     278.67    -0.068
     277.84     0.028
     277.02     0.106
     276.20    -0.051
     275.37    -0.075
     274.55     0.039
     273.72    -0.082
     272.90     0.030
     272.07     0.052
     271.25    -0.084
     270.42    -0.021
     269.60    -0.080
     268.77     0.027
     267.95     0.030
     267.13     0.075
     266.30     0.017
     265.48    -0.005
     264.65    -0.084
     263.83     0.008
     263.00     0.030
     262.18    -0.007
     261.35     0.043
     260.53     0.040
     259.71     0.012
     258.88     0.011
     258.06    -0.101
     257.23    -0.098
     256.41     0.038
     255.58     0.003
     254.76    -0.011
     253.93     0.014
     253.11     0.070
     252.29     0.032
     251.46    -0.025
     250.64     0.065
     249.81    -0.009
     248.99     0.026
     248.16    -0.022
     247.34     0.024
     246.51     0.015
     245.69    -0.081
     244.87     0.054
     244.04     0.032
     243.22    -0.029
     242.39     0.026
     241.57     0.053
     240.74    -0.009
     239.92     0.012
     239.09     0.047
     238.27    -0.075
     237.45    -0.094
     236.62     0.042
     235.80     0.041
     234.97    -0.023
     234.15     0.045
     233.32     0.018
     232.50     0.194
     231.67    -0.013
     230.85     0.075
     230.03     0.008
     229.20     0.009
     228.38     0.018
     227.55    -0.045
     226.73    -0.050
     225.90     0.121
     225.08    -0.050
     224.25    -0.018
     223.43    -0.020
     222.60    -0.055
     221.78     0.124
     220.96     0.033
     220.13     0.078
     219.31     0.028
     218.48    -0.061
     217.66     0.039
     216.83     0.024
     216.01    -0.022
     215.18     0.026
     214.36     0.007
     213.54    -0.044
     212.71    -0.027
     211.89    -0.028
     211.06    -0.155
     210.24    -0.003
     209.41     0.045
     208.59     0.015
     207.76     0.063
     206.94    -0.046
     206.12    -0.081
     205.29     0.011
     204.47    -0.108
     203.64     0.075
     202.82    -0.055
     201.99    -0.030
     201.17     0.067
     200.34    -0.038
     199.52     0.099
     198.70     0.015
     197.87    -0.028
     197.05     0.080
     196.22    -0.043
     195.40    -0.011
     194.57    -0.082
     193.75     0.071
     192.92    -0.079
     192.10    -0.053
     191.28    -0.112
     190.45    -0.005
     189.63    -0.036
     188.80    -0.010
     187.98     0.021
     187.15     0.064
     186.33     0.008
     185.50    -0.009
     184.68    -0.061
     183.86    -0.071
     183.03    -0.019
     182.21    -0.058
     181.38     0.060
     180.56     0.027
     179.73    -0.012
     178.91    -0.032
     178.08    -0.050
     177.26    -0.016
     176.44    -0.040
     175.61     0.107
     174.79    -0.095
     173.96     0.031
     173.14     0.039
     172.31    -0.085
     171.49    -0.022
     170.66    -0.062
     169.84    -0.015
     169.01    -0.059
     168.19    -0.007
     167.37     0.104
     166.54    -0.009
     165.72    -0.005
     164.89     0.014
     164.07     0.008
     163.24     0.008
     162.42     0.091
     161.59     0.084
     160.77     0.085
     159.95     0.140
     159.12     0.195
     158.30     0.313
     157.47     0.213
     156.65     0.404
     155.82     0.316
     155.00     0.271
     154.17     0.411
     153.35     0.403
     152.53     0.547
     151.70     0.646
     150.88     0.535
     150.05     0.642
     149.23     0.800
     148.40     0.789
     147.58     0.915
     146.75     0.992
     145.93     1.049
     145.11     1.198
     144.28     1.284
     143.46     1.430
     142.63     1.444
     141.81     1.414
     140.98     1.397
     140.16     1.581
     139.33     1.814
     138.51     1.920
     137.69     2.004
     136.86     2.272
     136.04     2.659
     135.21     3.104
     134.39     3.442
     133.56     4.307
     132.74     5.445
     131.91     6.722
     131.09     7.670
     130.27     8.046
     129.44     8.474
     128.62     8.918
     127.79     9.735
     126.97    10.212
     126.14    10.065
     125.32     9.166
     124.49     8.062
     123.67     7.064
     122.84     6.640
     122.02     6.044
     121.20     5.797
     120.37     5.314
     119.55     5.249
     118.72     5.517
     117.90     5.504
     117.07     6.335
     116.25     7.248
     115.42     8.926
     114.60    10.852
     113.78    11.604
     112.95    10.881
     112.13     9.541
     111.30     8.429
     110.48     7.734
     109.65     7.192
     108.83     6.662
     108.00     6.339
     107.18     5.870
     106.36     5.461
     105.53     5.364
     104.71     5.321
     103.88     5.164
     103.06     5.434
     102.23     5.554
     101.41     5.817
     100.58     6.209
      99.76     6.408
      98.94     6.893
      98.11     7.653
      97.29     8.619
      96.46     9.728
      95.64    10.673
      94.81    11.356
      93.99    11.907
      93.16    12.198
      92.34    12.053
      91.52    12.049
      90.69    11.809
      89.87    11.970
      89.04    12.502
      88.22    13.293
      87.39    14.330
      86.57    15.765
      85.74    17.001
      84.92    18.210
      84.10    18.946
      83.27    19.878
      82.45    20.688
      81.62    21.402
      80.80    21.726
      79.97    22.097
      79.15    22.360
      78.32    22.585
      77.50    23.176
      76.68    23.418
      75.85    23.502
      75.03    23.499
      74.20    23.012
      73.38    22.313
      72.55    21.765
      71.73    21.400
      70.90    20.945
      70.08    20.413
      69.25    19.508
      68.43    18.235
      67.61    16.827
      66.78    15.436
      65.96    14.129
      65.13    12.500
      64.31    11.171
      63.48     9.576
      62.66     8.199
      61.83     7.244
      61.01     5.995
      60.19     5.212
      59.36     4.386
      58.54     4.096
      57.71     3.568
      56.89     3.322
      56.06     3.235
      55.24     3.178
      54.41     3.204
      53.59     3.354
      52.77     3.538
      51.94     4.057
      51.12     4.623
      50.29     5.174
      49.47     5.994
      48.64     6.937
      47.82     8.220
      46.99     9.718
      46.17    11.803
      45.35    14.511
      44.52    17.635
      43.70    20.841
      42.87    24.539
      42.05    28.382
      41.22    32.172
      40.40    35.971
      39.57    40.251
      38.75    44.698
      37.93    48.763
      37.10    52.838
      36.28    56.366
      35.45    60.052
      34.63    63.482
      33.80    67.580
      32.98    72.654
      32.15    77.650
      31.33    83.719
      30.51    89.024
      29.68    92.981
      28.86    94.880
      28.03    95.731
      27.21    97.318
      26.38    99.254
      25.56   101.228
      24.73   101.543
      23.91   101.208
      23.08    98.515
      22.26    93.653
      21.44    87.117
      20.61    79.719
      19.79    72.464
      18.96    65.267
      18.14    59.009
      17.31    54.836
      16.49    53.717
      15.66    54.183
      14.84    56.771
      14.02    59.402
      13.19    61.552
      12.37    64.432
      11.54    66.291
      10.72    67.173
       9.89    68.107
       9.07    67.715
       8.24    65.872
       7.42    64.543
       6.60    63.223
       5.77    63.281
       4.95    65.605
       4.12    69.088
       3.30    72.626
       2.47    76.288
       1.65    80.216
       0.82    84.212
       0.00    83.573
      -0.82    73.201
      -1.65    62.277
      -2.47    63.595
      -3.30    68.085
      -4.12    62.450
      -4.95    55.154
      -5.77    51.193
      -6.60    50.209
      -7.42    51.585
      -8.24    55.327
      -9.07    60.496
      -9.89    66.648
     -10.72    72.732
     -11.54    77.447
     -12.37    80.281
     -13.19    81.300
     -14.02    81.907
     -14.84    82.207
     -15.66    82.556
     -16.49    82.347
     -17.31    81.948
     -18.14    80.877
     -18.96    80.204
     -19.79    78.326
     -20.61    76.516
     -21.44    73.924
     -22.26    70.118
     -23.08    65.905
     -23.91    60.649
     -24.73    54.622
     -25.56    48.890
     -26.38    42.364
     -27.21    36.440
     -28.03    31.311
     -28.86    26.705
     -29.68    22.913
     -30.51    19.962
     -31.33    17.496
     -32.15    15.585
     -32.98    13.856
     -33.80    12.260
     -34.63    10.624
     -35.45     9.145
     -36.28     7.600
     -37.10     6.235
     -37.93     5.249
     -38.75     4.439
     -39.57     3.784
     -40.40     3.067
     -41.22     2.682
     -42.05     2.308
     -42.87     1.964
     -43.70     1.698
     -44.52     1.487
     -45.35     1.159
     -46.17     1.080
     -46.99     0.873
     -47.82     0.797
     -48.64     0.602
     -49.47     0.702
     -50.29     0.420
     -51.12     0.402
     -51.94     0.435
     -52.77     0.349
     -53.59     0.256
     -54.41     0.254
     -55.24     0.270
     -56.06     0.092
     -56.89     0.162
     -57.71     0.155
     -58.54     0.331
     -59.36     0.104
     -60.19     0.202
     -61.01     0.136
     -61.83     0.210
     -62.66     0.164
     -63.48     0.036
     -64.31     0.138
     -65.13     0.158
     -65.96     0.048
     -66.78     0.048
     -67.61     0.135
     -68.43     0.078
     -69.25     0.100
     -70.08     0.137
     -70.90     0.106
     -71.73     0.211
     -72.55     0.034
     -73.38     0.040
     -74.20    -0.006
     -75.03     0.001
     -75.85    -0.037
     -76.68    -0.022
     -77.50    -0.032
     -78.32    -0.049
     -79.15     0.024
     -79.97    -0.119
     -80.80     0.103
     -81.62     0.035
     -82.45     0.068
     -83.27     0.006
     -84.10    -0.116
     -84.92    -0.005
     -85.74     0.082
     -86.57     0.033
     -87.39     0.026
     -88.22    -0.015
     -89.04    -0.097
     -89.87    -0.094
     -90.69     0.039
     -91.52     0.053
     -92.34     0.114
     -93.16     0.061
     -93.99     0.110
     -94.81     0.079
     -95.64    -0.058
     -96.46     0.014
     -97.29    -0.051
     -98.11    -0.009
     -98.94    -0.017
     -99.76     0.006
    -100.58     0.075
    -101.41     0.161
    -102.23     0.004
    -103.06    -0.065
    -103.88     0.076
    -104.71    -0.077
    -105.53    -0.006
    -106.36    -0.015
    -107.18     0.018
    -108.00     0.016
    -108.83    -0.022
    -109.65     0.037
    -110.48     0.009
    -111.30    -0.071
    -112.13     0.001
    -112.95     0.020
    -113.78    -0.000
    -114.60     0.049
    -115.42     0.049
    -116.25     0.062
    -117.07     0.032
    -117.90    -0.005
    -118.72     0.005
    -119.55     0.029
    -120.37    -0.076
    -121.20     0.056
    -122.02     0.013
    -122.84    -0.034
    -123.67     0.031
    -124.49     0.024
    -125.32     0.048
    -126.14    -0.054
    -126.97    -0.041
    -127.79     0.048
    -128.62     0.029
    -129.44     0.016
    -130.27    -0.127
    -131.09    -0.072
    -131.91     0.035
    -132.74    -0.155
    -133.56    -0.001
    -134.39    -0.102
    -135.21     0.001
    -136.04    -0.108
    -136.86    -0.063
    -137.69    -0.038
    -138.51     0.037
    -139.33    -0.011
    -140.16     0.103
    -140.98     0.020
    -141.81    -0.027
    -142.63     0.099
    -143.46     0.031
    -144.28     0.077
    -145.11     0.052
    -145.93     0.012
    -146.75    -0.091
    -147.58     0.083
    -148.40     0.055
    -149.23    -0.006
    -150.05     0.007
    -150.88    -0.079
    -151.70    -0.007
    -152.53     0.040
    -153.35     0.065
    -154.17     0.065
    -155.00     0.052
    -155.82     0.003
    -156.65    -0.016
    -157.47    -0.195
    -158.30    -0.042
    -159.12    -0.032
    -159.95     0.029
    -160.77    -0.007
    -161.59    -0.040
    -162.42    -0.013
    -163.24    -0.027
    -164.07     0.005
    -164.89    -0.040
    -165.72    -0.026
    -166.54    -0.106
    -167.37    -0.092
    -168.19    -0.042
    -169.01    -0.005
    -169.84     0.071
    -170.66    -0.017
    -171.49     0.058
    -172.31     0.087
    -173.14    -0.069
    -173.96     0.176
    -174.79     0.007
    -175.61     0.037
    -176.44     0.013
    -177.26     0.011
    -178.08    -0.079
    -178.91    -0.028
    -179.73    -0.039
    -180.56    -0.085
    -181.38    -0.012
    -182.21     0.033
    -183.03     0.024
    -183.86    -0.026
    -184.68     0.089
    -185.50     0.035
    -186.33     0.050
    -187.15     0.067
    -187.98     0.035
    -188.80     0.013
    -189.63     0.061
    -190.45    -0.031
    -191.28    -0.053
    -192.10    -0.057
    -192.92     0.035
    -193.75     0.106
    -194.57    -0.049
    -195.40     0.014
    -196.22     0.014
    -197.05    -0.028
    -197.87     0.013
    -198.70     0.068
    -199.52     0.028
    -200.34     0.040
    -201.17     0.031
    -201.99     0.032
    -202.82    -0.054
    -203.64    -0.057
    -204.47     0.070
    -205.29     0.013
    -206.12    -0.154
    -206.94     0.018
    -207.76     0.024
    -208.59    -0.038
    -209.41     0.008
    -210.24    -0.060
    -211.06    -0.037
    -211.89     0.057
    -212.71     0.027
    -213.54     0.027
    -214.36     0.003
    -215.18    -0.048
    -216.01     0.076
    -216.83     0.016
    -217.66     0.057
    -218.48     0.064
    -219.31     0.064
    -220.13     0.013
    -220.96    -0.030
    -221.78     0.005
    -222.60     0.072
    -223.43     0.056
    -224.25    -0.002
    -225.08    -0.114
    -225.90     0.003
    -226.73     0.007
    -227.55    -0.005
    -228.38    -0.037
    -229.20    -0.116
    -230.03    -0.060
    -230.85    -0.041
    -231.67     0.002
    -232.50    -0.002
    -233.32    -0.018
    -234.15     0.064
    -234.97    -0.040
    -235.80    -0.022
    -236.62     0.065
    -237.45    -0.022
    -238.27     0.043
    -239.09    -0.020
    -239.92    -0.056
    -240.74     0.074
    -241.57    -0.000
    -242.39     0.019
    -243.22    -0.107
    -244.04    -0.009
    -244.87     0.013
    -245.69     0.014
    -246.51     0.026
    -247.34    -0.014
    -248.16    -0.029
    -248.99    -0.062
    -249.81     0.058
    -250.64    -0.078
    -251.46     0.055
    -252.29     0.086
    -253.11    -0.079
    -253.93    -0.004
    -254.76     0.070
    -255.58     0.011
    -256.41     0.007
    -257.23     0.041
    -258.06    -0.133
    -258.88    -0.011
    -259.71    -0.090
    -260.53    -0.008
    -261.35    -0.020
    -262.18    -0.116
    -263.00    -0.087
    -263.83     0.085
    -264.65     0.020
    -265.48    -0.012
    -266.30    -0.055
    -267.13    -0.008
    -267.95    -0.022
    -268.77     0.075
    -269.60     0.003
    -270.42     0.021
    -271.25     0.061
    -272.07     0.057
    -272.90     0.095
    -273.72    -0.034
    -274.55     0.012
    -275.37     0.126
    -276.20    -0.074
    -277.02    -0.020
    -277.84     0.000
    -278.67    -0.063
    -279.49    -0.023
    -280.32    -0.020
    -281.14     0.067
    -281.97    -0.084
    -282.79     0.090
    -283.62     0.071
    -284.44    -0.055
    -285.26    -0.056
    -286.09    -0.073
    -286.91    -0.001
    -287.74     0.055
    -288.56     0.045
    -289.39     0.065
    -290.21     0.008
    -291.04     0.010
    -291.86     0.062
    -292.68    -0.009
    -293.51    -0.070
    -294.33    -0.030
    -295.16    -0.035
    -295.98    -0.004
    -296.81    -0.023
    -297.63     0.066
    -298.46     0.038
    -299.28     0.068
    -300.10    -0.034
    -300.93     0.012
    -301.75     0.028
    -302.58     0.019
    -303.40    -0.015
    -304.23     0.041
    -305.05    -0.059
    -305.88     0.030
    -306.70    -0.056
    -307.52    -0.105
    -308.35    -0.080
    -309.17     0.032
    -310.00     0.024
    -310.82     0.081
    -311.65    -0.059
    -312.47     0.007
    -313.30     0.003
    -314.12    -0.105
    -314.94     0.151
    -315.77    -0.076
    -316.59    -0.155
    -317.42     0.053
    -318.24    -0.047
    -319.07     0.045
    -319.89    -0.064
    -320.72     0.027
    -321.54     0.046
    -322.36     0.048
    -323.19     0.055
    -324.01    -0.045
    -324.84    -0.028
    -325.66     0.115
    -326.49    -0.009
    -327.31    -0.026
    -328.14    -0.059
    -328.96    -0.092
    -329.79     0.105
    -330.61     0.042
    -331.43    -0.015
    -332.26     0.089
    -333.08    -0.018
    -333.91     0.042
    -334.73    -0.071
    -335.56    -0.058
    -336.38    -0.075
    -337.21     0.053
    -338.03    -0.011
    -338.85     0.018
    -339.68     0.067
    -340.50    -0.033
    -341.33    -0.052
    -342.15     0.093
    -342.98    -0.020
    -343.80     0.063
    -344.63     0.035
    -345.45    -0.059
    -346.27    -0.094
    -347.10    -0.003
    -347.92    -0.045
    -348.75     0.003
    -349.57     0.049
    -350.40     0.053
    -351.22     0.026
    -352.05    -0.019
    -352.87     0.021
    -353.69     0.079
    -354.52    -0.078
    -355.34     0.012
    -356.17    -0.073
    -356.99    -0.012
    -357.82     0.003
    -358.64     0.055
    -359.47    -0.061
    -360.29    -0.039
    -361.11     0.050
    -361.94     0.064
    -362.76     0.005
    -363.59     0.044
    -364.41     0.055
    -365.24     0.008
    -366.06    -0.057
    -366.89     0.025
    -367.71     0.001
    -368.53    -0.034
    -369.36    -0.009
    -370.18     0.132
    -371.01    -0.053
    -371.83     0.039
    -372.66     0.011
    -373.48     0.004
    -374.31    -0.038
    -375.13     0.036
    -375.96    -0.012
    -376.78     0.068
    -377.60     0.036
    -378.43    -0.039
    -379.25     0.009
    -380.08    -0.002
    -380.90    -0.044
    -381.73     0.020
    -382.55     0.062
    -383.38    -0.100
    -384.20     0.054
    -385.02     0.082
    -385.85     0.074
    -386.67     0.012
    -387.50    -0.030
    -388.32     0.068
    -389.15     0.035
    -389.97     0.034
    -390.80    -0.046
    -391.62     0.048
    -392.44     0.041
    -393.27    -0.024
    -394.09    -0.021
    -394.92     0.007
    -395.74    -0.061
    -396.57     0.018
    -397.39    -0.148
    -398.22     0.022
    -399.04    -0.044
    -399.86     0.028
%%gauss   801  datapoints: v_lsr [km/s] and T_B [K]
    -400.00     0.000
    -399.00     0.000
    -398.00     0.000
    -397.00     0.000
    -396.00     0.000
    -395.00     0.000
    -394.00     0.000
    -393.00     0.000
    -392.00     0.000
    -391.00     0.000
    -390.00     0.000
    -389.00     0.000
    -388.00     0.000
    -387.00     0.000
    -386.00     0.000
    -385.00     0.000
    -384.00     0.000
    -383.00     0.000
    -382.00     0.000
    -381.00     0.000
    -380.00     0.000
    -379.00     0.000
    -378.00     0.000
    -377.00     0.000
    -376.00     0.000
    -375.00     0.000
    -374.00     0.000
    -373.00     0.000
    -372.00     0.000
    -371.00     0.000
    -370.00     0.000
    -369.00     0.000
    -368.00     0.000
    -367.00     0.000
    -366.00     0.000
    -365.00     0.000
    -364.00     0.000
    -363.00     0.000
    -362.00     0.000
    -361.00     0.000
    -360.00     0.000
    -359.00     0.000
    -358.00     0.000
    -357.00     0.000
    -356.00     0.000
    -355.00     0.000
    -354.00     0.000
    -353.00     0.000
    -352.00     0.000
    -351.00     0.000
    -350.00     0.000
    -349.00     0.000
    -348.00     0.000
    -347.00     0.000
    -346.00     0.000
    -345.00     0.000
    -344.00     0.000
    -343.00     0.000
    -342.00     0.000
    -341.00     0.000
    -340.00     0.000
    -339.00     0.000
    -338.00     0.000
    -337.00     0.000
    -336.00     0.000
    -335.00     0.000
    -334.00     0.000
    -333.00     0.000
    -332.00     0.000
    -331.00     0.000
    -330.00     0.000
    -329.00     0.000
    -328.00     0.000
    -327.00     0.000
    -326.00     0.000
    -325.00     0.000
    -324.00     0.000
    -323.00     0.000
    -322.00     0.000
    -321.00     0.000
    -320.00     0.000
    -319.00     0.000
    -318.00     0.000
    -317.00     0.000
    -316.00     0.000
    -315.00     0.000
    -314.00     0.000
    -313.00     0.000
    -312.00     0.000
    -311.00     0.000
    -310.00     0.000
    -309.00     0.000
    -308.00     0.000
    -307.00     0.000
    -306.00     0.000
    -305.00     0.000
    -304.00     0.000
    -303.00     0.000
    -302.00     0.000
    -301.00     0.000
    -300.00     0.000
    -299.00     0.000
    -298.00     0.000
    -297.00     0.000
    -296.00     0.000
    -295.00     0.000
    -294.00     0.000
    -293.00     0.000
    -292.00     0.000
    -291.00     0.000
    -290.00     0.000
    -289.00     0.000
    -288.00     0.000
    -287.00     0.000
    -286.00     0.000
    -285.00     0.000
    -284.00     0.000
    -283.00     0.000
    -282.00     0.000
    -281.00     0.000
    -280.00     0.000
    -279.00     0.000
    -278.00     0.000
    -277.00     0.000
    -276.00     0.000
    -275.00     0.000
    -274.00     0.000
    -273.00     0.000
    -272.00     0.000
    -271.00     0.000
    -270.00     0.000
    -269.00     0.000
    -268.00     0.000
    -267.00     0.000
    -266.00     0.000
    -265.00     0.000
    -264.00     0.000
    -263.00     0.000
    -262.00     0.000
    -261.00     0.000
    -260.00     0.000
    -259.00     0.000
    -258.00     0.000
    -257.00     0.000
    -256.00     0.000
    -255.00     0.000
    -254.00     0.000
    -253.00     0.000
    -252.00     0.000
    -251.00     0.000
    -250.00     0.000
    -249.00     0.000
    -248.00     0.000
    -247.00     0.000
    -246.00     0.000
    -245.00     0.000
    -244.00     0.000
    -243.00     0.000
    -242.00     0.000
    -241.00     0.000
    -240.00     0.000
    -239.00     0.000
    -238.00     0.000
    -237.00     0.000
    -236.00     0.000
    -235.00     0.000
    -234.00     0.000
    -233.00     0.000
    -232.00     0.000
    -231.00     0.000
    -230.00     0.000
    -229.00     0.000
    -228.00     0.000
    -227.00     0.000
    -226.00     0.000
    -225.00     0.000
    -224.00     0.000
    -223.00     0.000
    -222.00     0.000
    -221.00     0.000
    -220.00     0.000
    -219.00     0.000
    -218.00     0.000
    -217.00     0.000
    -216.00     0.000
    -215.00     0.000
    -214.00     0.000
    -213.00     0.000
    -212.00     0.000
    -211.00     0.000
    -210.00     0.000
    -209.00     0.000
    -208.00     0.000
    -207.00     0.000
    -206.00     0.000
    -205.00     0.000
    -204.00     0.000
    -203.00     0.000
    -202.00     0.000
    -201.00     0.000
    -200.00     0.000
    -199.00     0.000
    -198.00     0.000
    -197.00     0.000
    -196.00     0.000
    -195.00     0.000
    -194.00     0.000
    -193.00     0.000
    -192.00     0.000
    -191.00     0.000
    -190.00     0.000
    -189.00     0.000
    -188.00     0.000
    -187.00     0.000
    -186.00     0.000
    -185.00     0.000
    -184.00     0.000
    -183.00     0.000
    -182.00     0.000
    -181.00     0.000
    -180.00     0.000
    -179.00     0.000
    -178.00     0.000
    -177.00     0.000
    -176.00     0.000
    -175.00     0.000
    -174.00     0.000
    -173.00     0.000
    -172.00     0.000
    -171.00     0.000
    -170.00     0.000
    -169.00     0.000
    -168.00     0.000
    -167.00     0.000
    -166.00     0.000
    -165.00     0.000
    -164.00     0.000
    -163.00     0.000
    -162.00     0.000
    -161.00     0.000
    -160.00     0.000
    -159.00     0.000
    -158.00     0.000
    -157.00     0.000
    -156.00     0.000
    -155.00     0.000
    -154.00     0.000
    -153.00     0.000
    -152.00     0.000
    -151.00     0.000
    -150.00     0.000
    -149.00     0.000
    -148.00     0.000
    -147.00     0.000
    -146.00     0.000
    -145.00     0.000
    -144.00     0.000
    -143.00     0.000
    -142.00     0.000
    -141.00     0.000
    -140.00     0.000
    -139.00     0.000
    -138.00     0.000
    -137.00     0.000
    -136.00     0.000
    -135.00     0.000
    -134.00     0.000
    -133.00     0.000
    -132.00     0.000
    -131.00     0.000
    -130.00     0.000
    -129.00     0.000
    -128.00     0.000
    -127.00     0.000
    -126.00     0.000
    -125.00     0.000
    -124.00     0.000
    -123.00     0.000
    -122.00     0.000
    -121.00     0.000
    -120.00     0.000
    -119.00     0.000
    -118.00     0.000
    -117.00     0.000
    -116.00     0.000
    -115.00     0.000
    -114.00     0.000
    -113.00     0.000
    -112.00     0.000
    -111.00     0.000
    -110.00     0.000
    -109.00     0.000
    -108.00     0.000
    -107.00     0.000
    -106.00     0.000
    -105.00     0.001
    -104.00     0.001
    -103.00     0.001
    -102.00     0.001
    -101.00     0.001
    -100.00     0.001
     -99.00     0.001
     -98.00     0.001
     -97.00     0.002
     -96.00     0.002
     -95.00     0.002
     -94.00     0.003
     -93.00     0.003
     -92.00     0.003
     -91.00     0.004
     -90.00     0.004
     -89.00     0.005
     -88.00     0.006
     -87.00     0.007
     -86.00     0.008
     -85.00     0.009
     -84.00     0.010
     -83.00     0.012
     -82.00     0.014
     -81.00     0.016
     -80.00     0.018
     -79.00     0.020
     -78.00     0.023
     -77.00     0.026
     -76.00     0.030
     -75.00     0.034
     -74.00     0.038
     -73.00     0.043
     -72.00     0.048
     -71.00     0.054
     -70.00     0.060
     -69.00     0.067
     -68.00     0.074
     -67.00     0.081
     -66.00     0.089
     -65.00     0.098
     -64.00     0.107
     -63.00     0.117
     -62.00     0.128
     -61.00     0.140
     -60.00     0.154
     -59.00     0.169
     -58.00     0.186
     -57.00     0.207
     -56.00     0.231
     -55.00     0.259
     -54.00     0.294
     -53.00     0.337
     -52.00     0.391
     -51.00     0.457
     -50.00     0.540
     -49.00     0.643
     -48.00     0.771
     -47.00     0.928
     -46.00     1.120
     -45.00     1.353
     -44.00     1.632
     -43.00     1.966
     -42.00     2.366
     -41.00     2.851
     -40.00     3.457
     -39.00     4.240
     -38.00     5.267
     -37.00     6.593
     -36.00     8.221
     -35.00    10.078
     -34.00    12.062
     -33.00    14.132
     -32.00    16.401
     -31.00    19.134
     -30.00    22.658
     -29.00    27.220
     -28.00    32.886
     -27.00    39.498
     -26.00    46.712
     -25.00    54.062
     -24.00    61.043
     -23.00    67.184
     -22.00    72.160
     -21.00    75.881
     -20.00    78.480
     -19.00    80.202
     -18.00    81.315
     -17.00    82.038
     -16.00    82.471
     -15.00    82.564
     -14.00    82.216
     -13.00    81.271
     -12.00    78.967
     -11.00    74.170
     -10.00    67.255
      -9.00    60.024
      -8.00    54.142
      -7.00    51.110
      -6.00    51.712
      -5.00    56.247
      -4.00    65.700
      -3.00    66.654
      -2.00    61.751
      -1.00    72.447
       0.00    84.376
       1.00    83.570
       2.00    78.404
       3.00    74.191
       4.00    69.714
       5.00    65.845
       6.00    64.098
       7.00    64.617
       8.00    66.413
       9.00    68.196
      10.00    68.960
      11.00    68.202
      12.00    65.932
      13.00    62.581
      14.00    58.897
      15.00    55.813
      16.00    54.305
      17.00    55.211
      18.00    58.993
      19.00    65.509
      20.00    73.964
      21.00    83.079
      22.00    91.351
      23.00    97.394
      24.00   100.409
      25.00   100.591
      26.00    99.075
      27.00    97.248
      28.00    95.729
      29.00    93.858
      30.00    90.408
      31.00    84.943
      32.00    78.358
      33.00    72.029
      34.00    66.681
      35.00    62.129
      36.00    57.784
      37.00    53.177
      38.00    48.148
      39.00    42.819
      40.00    37.469
      41.00    32.350
      42.00    27.548
      43.00    23.040
      44.00    18.861
      45.00    15.165
      46.00    12.100
      47.00     9.691
      48.00     7.847
      49.00     6.446
      50.00     5.386
      51.00     4.591
      52.00     4.008
      53.00     3.599
      54.00     3.342
      55.00     3.229
      56.00     3.265
      57.00     3.462
      58.00     3.844
      59.00     4.433
      60.00     5.253
      61.00     6.319
      62.00     7.631
      63.00     9.169
      64.00    10.888
      65.00    12.721
      66.00    14.598
      67.00    16.466
      68.00    18.277
      69.00    19.878
      70.00    21.060
      71.00    21.853
      72.00    22.454
      73.00    22.972
      74.00    23.428
      75.00    23.774
      76.00    23.876
      77.00    23.647
      78.00    23.184
      79.00    22.644
      80.00    22.100
      81.00    21.535
      82.00    20.889
      83.00    20.092
      84.00    19.073
      85.00    17.801
      86.00    16.332
      87.00    14.823
      88.00    13.480
      89.00    12.490
      90.00    11.978
      91.00    11.939
      92.00    12.188
      93.00    12.385
      94.00    12.181
      95.00    11.423
      96.00    10.242
      97.00     8.942
      98.00     7.804
      99.00     6.953
     100.00     6.368
     101.00     5.961
     102.00     5.662
     103.00     5.444
     104.00     5.324
     105.00     5.336
     106.00     5.508
     107.00     5.843
     108.00     6.310
     109.00     6.848
     110.00     7.416
     111.00     8.146
     112.00     9.389
     113.00    10.923
     114.00    11.260
     115.00     9.660
     116.00     7.544
     117.00     6.183
     118.00     5.538
     119.00     5.287
     120.00     5.311
     121.00     5.574
     122.00     6.032
     123.00     6.671
     124.00     7.565
     125.00     8.746
     126.00     9.806
     127.00    10.014
     128.00     9.298
     129.00     8.456
     130.00     8.004
     131.00     7.453
     132.00     6.252
     133.00     4.824
     134.00     3.756
     135.00     3.062
     136.00     2.577
     137.00     2.219
     138.00     1.953
     139.00     1.759
     140.00     1.619
     141.00     1.522
     142.00     1.456
     143.00     1.397
     144.00     1.305
     145.00     1.184
     146.00     1.066
     147.00     0.963
     148.00     0.870
     149.00     0.782
     150.00     0.699
     151.00     0.620
     152.00     0.546
     153.00     0.478
     154.00     0.415
     155.00     0.357
     156.00     0.305
     157.00     0.257
     158.00     0.214
     159.00     0.176
     160.00     0.144
     161.00     0.116
     162.00     0.092
     163.00     0.073
     164.00     0.057
     165.00     0.045
     166.00     0.034
     167.00     0.026
     168.00     0.020
     169.00     0.015
     170.00     0.011
     171.00     0.008
     172.00     0.006
     173.00     0.004
     174.00     0.003
     175.00     0.002
     176.00     0.001
     177.00     0.001
     178.00     0.001
     179.00     0.000
     180.00     0.000
     181.00     0.000
     182.00    -0.000
     183.00    -0.000
     184.00    -0.000
     185.00    -0.000
     186.00    -0.000
     187.00    -0.000
     188.00    -0.000
     189.00    -0.000
     190.00    -0.000
     191.00    -0.000
     192.00    -0.000
     193.00    -0.000
     194.00    -0.000
     195.00    -0.000
     196.00    -0.000
     197.00    -0.000
     198.00    -0.000
     199.00    -0.000
     200.00    -0.000
     201.00    -0.000
     202.00    -0.000
     203.00    -0.000
     204.00    -0.000
     205.00    -0.000
     206.00    -0.000
     207.00     0.000
     208.00     0.000
     209.00     0.000
     210.00     0.000
     211.00     0.000
     212.00     0.000
     213.00     0.000
     214.00     0.000
     215.00     0.000
     216.00     0.000
     217.00     0.000
     218.00     0.000
     219.00     0.000
     220.00     0.000
     221.00     0.000
     222.00     0.000
     223.00     0.000
     224.00     0.000
     225.00     0.000
     226.00     0.000
     227.00     0.000
     228.00     0.000
     229.00     0.000
     230.00     0.000
     231.00     0.000
     232.00     0.000
     233.00     0.000
     234.00     0.000
     235.00     0.000
     236.00     0.000
     237.00     0.000
     238.00     0.000
     239.00     0.000
     240.00     0.000
     241.00     0.000
     242.00     0.000
     243.00     0.000
     244.00     0.000
     245.00     0.000
     246.00     0.000
     247.00     0.000
     248.00     0.000
     249.00     0.000
     250.00     0.000
     251.00     0.000
     252.00     0.000
     253.00     0.000
     254.00     0.000
     255.00     0.000
     256.00     0.000
     257.00     0.000
     258.00     0.000
     259.00     0.000
     260.00     0.000
     261.00     0.000
     262.00     0.000
     263.00     0.000
     264.00     0.000
     265.00     0.000
     266.00     0.000
     267.00     0.000
     268.00     0.000
     269.00     0.000
     270.00     0.000
     271.00     0.000
     272.00     0.000
     273.00     0.000
     274.00     0.000
     275.00     0.000
     276.00     0.000
     277.00     0.000
     278.00     0.000
     279.00     0.000
     280.00     0.000
     281.00     0.000
     282.00     0.000
     283.00     0.000
     284.00     0.000
     285.00     0.000
     286.00     0.000
     287.00     0.000
     288.00     0.000
     289.00     0.000
     290.00     0.000
     291.00     0.000
     292.00     0.000
     293.00     0.000
     294.00     0.000
     295.00     0.000
     296.00     0.000
     297.00     0.000
     298.00     0.000
     299.00     0.000
     300.00     0.000
     301.00     0.000
     302.00     0.000
     303.00     0.000
     304.00     0.000
     305.00     0.000
     306.00     0.000
     307.00     0.000
     308.00     0.000
     309.00     0.000
     310.00     0.000
     311.00     0.000
     312.00     0.000
     313.00     0.000
     314.00     0.000
     315.00     0.000
     316.00     0.000
     317.00     0.000
     318.00     0.000
     319.00     0.000
     320.00     0.000
     321.00     0.000
     322.00     0.000
     323.00     0.000
     324.00     0.000
     325.00     0.000
     326.00     0.000
     327.00     0.000
     328.00     0.000
     329.00     0.000
     330.00     0.000
     331.00     0.000
     332.00     0.000
     333.00     0.000
     334.00     0.000
     335.00     0.000
     336.00     0.000
     337.00     0.000
     338.00     0.000
     339.00     0.000
     340.00     0.000
     341.00     0.000
     342.00     0.000
     343.00     0.000
     344.00     0.000
     345.00     0.000
     346.00     0.000
     347.00     0.000
     348.00     0.000
     349.00     0.000
     350.00     0.000
     351.00     0.000
     352.00     0.000
     353.00     0.000
     354.00     0.000
     355.00     0.000
     356.00     0.000
     357.00     0.000
     358.00     0.000
     359.00     0.000
     360.00     0.000
     361.00     0.000
     362.00     0.000
     363.00     0.000
     364.00     0.000
     365.00     0.000
     366.00     0.000
     367.00     0.000
     368.00     0.000
     369.00     0.000
     370.00     0.000
     371.00     0.000
     372.00     0.000
     373.00     0.000
     374.00     0.000
     375.00     0.000
     376.00     0.000
     377.00     0.000
     378.00     0.000
     379.00     0.000
     380.00     0.000
     381.00     0.000
     382.00     0.000
     383.00     0.000
     384.00     0.000
     385.00     0.000
     386.00     0.000
     387.00     0.000
     388.00     0.000
     389.00     0.000
     390.00     0.000
     391.00     0.000
     392.00     0.000
     393.00     0.000
     394.00     0.000
     395.00     0.000
     396.00     0.000
     397.00     0.000
     398.00     0.000
     399.00     0.000
     400.00     0.000
%% HI4PI Gaussians - height, velocity, width (sigma) 
%     79.560   -14.702     6.684
%     63.347    32.198     6.867
%     70.591    10.069     5.492
%     65.588    23.432     3.608
%      7.833    14.716    26.588
%     30.989   -23.641     4.171
%     18.274    82.398     6.639
%     44.833     1.421     2.529
%     17.175    70.727     6.053
%      7.776   112.065     5.169
%     16.680    29.672     2.075
%      6.644   126.622     4.824
%      4.142   -32.865     6.533
%     23.012    -0.281     1.161
%     17.860    -4.548     1.490
%      7.669    94.003     2.703
%      4.933   100.017     4.164
%     20.447    -3.368     0.861
%      1.629   136.578    10.549
%      4.910   -32.810     2.878
%      4.565   -11.694     1.308
%      4.217   113.824     1.381
%      2.602   126.712     1.510
%      1.681   130.926     1.370
%      0.133  -465.483    -1.040
%      0.204   480.845    -0.649
%      0.218   232.571    -0.361
%      0.198  -424.015    -0.314
%% component flagged & excluded if width negative ---
%% Gaussians are derived from GASS                   
