%%    301.000    -0.200    0     0.200  -400.000   400.000
% HI4PI gauss data -------------
%   l, b, RA, DEC, beam interpolated N_HI, N_H2_dark, N_H2_tot  
% 301.000 ;  -0.200 ; 188.600 ; -63.008 ;  0.112E+23 ;  0.450E+21 ;  0.759E+22
% nearest HEALPix pixel: l, b, RA, DEC, N_HI, N_H2_dark, N_H2_tot
% 301.025 ;  -0.187 ; 188.657 ; -62.996 ;  0.111E+23 ;  0.499E+21 ;  0.770E+22
% GASS III survey --------------
% NH - median within 6 arcmin radius  0.107E+23
% NH - mean within specified beam     0.107E+23
% EBHIS survey -----------------
% NH  within specified beam            0.00    
%%EBHIS     0  datapoints: v_lsr [km/s] and T_B [K]
%%GASS    971  datapoints: v_lsr [km/s] and T_B [K]
     399.89     0.119
     399.07     0.034
     398.25    -0.049
     397.42    -0.045
     396.60    -0.040
     395.77     0.068
     394.95    -0.036
     394.12    -0.170
     393.30     0.069
     392.47     0.081
     391.65     0.067
     390.82     0.077
     390.00     0.043
     389.18    -0.070
     388.35     0.036
     387.53     0.098
     386.70     0.031
     385.88     0.071
     385.05     0.148
     384.23    -0.082
     383.40     0.082
     382.58    -0.039
     381.75    -0.184
     380.93    -0.138
     380.11    -0.125
     379.28    -0.000
     378.46    -0.095
     377.63     0.001
     376.81    -0.062
     375.98    -0.017
     375.16     0.030
     374.33    -0.146
     373.51     0.072
     372.68     0.044
     371.86     0.103
     371.04     0.066
     370.21    -0.001
     369.39    -0.118
     368.56    -0.060
     367.74    -0.027
     366.91     0.114
     366.09    -0.096
     365.26    -0.017
     364.44    -0.054
     363.62     0.060
     362.79    -0.218
     361.97     0.095
     361.14     0.020
     360.32    -0.059
     359.49     0.036
     358.67     0.034
     357.84    -0.041
     357.02     0.080
     356.19    -0.028
     355.37     0.062
     354.55    -0.024
     353.72    -0.042
     352.90     0.083
     352.07    -0.030
     351.25    -0.067
     350.42    -0.059
     349.60     0.018
     348.77     0.120
     347.95     0.026
     347.12    -0.122
     346.30     0.005
     345.48     0.067
     344.65    -0.076
     343.83     0.037
     343.00     0.014
     342.18    -0.068
     341.35    -0.003
     340.53     0.040
     339.70    -0.031
     338.88    -0.122
     338.05     0.117
     337.23     0.035
     336.41     0.067
     335.58    -0.053
     334.76    -0.079
     333.93    -0.014
     333.11     0.192
     332.28    -0.105
     331.46    -0.015
     330.63     0.048
     329.81     0.004
     328.99    -0.188
     328.16     0.057
     327.34     0.014
     326.51     0.091
     325.69     0.106
     324.86     0.053
     324.04     0.006
     323.21    -0.071
     322.39     0.074
     321.56    -0.142
     320.74     0.061
     319.92     0.044
     319.09     0.064
     318.27     0.068
     317.44     0.077
     316.62     0.057
     315.79     0.015
     314.97    -0.034
     314.14    -0.036
     313.32     0.070
     312.49     0.063
     311.67     0.018
     310.85    -0.107
     310.02    -0.009
     309.20    -0.067
     308.37    -0.164
     307.55    -0.061
     306.72    -0.061
     305.90    -0.014
     305.07     0.048
     304.25    -0.037
     303.42    -0.059
     302.60     0.143
     301.78     0.086
     300.95    -0.074
     300.13    -0.104
     299.30    -0.101
     298.48     0.153
     297.65     0.141
     296.83    -0.017
     296.00     0.018
     295.18    -0.086
     294.36    -0.132
     293.53    -0.015
     292.71     0.019
     291.88     0.024
     291.06     0.002
     290.23     0.213
     289.41    -0.008
     288.58    -0.006
     287.76    -0.033
     286.93    -0.087
     286.11    -0.008
     285.29     0.007
     284.46     0.023
     283.64    -0.202
     282.81     0.066
     281.99    -0.121
     281.16    -0.058
     280.34     0.072
     279.51     0.081
     278.69     0.087
     277.86     0.030
     277.04     0.096
     276.22     0.008
     275.39     0.076
     274.57     0.009
     273.74     0.030
     272.92     0.125
     272.09    -0.162
     271.27     0.077
     270.44     0.043
     269.62    -0.056
     268.79    -0.074
     267.97     0.166
     267.15    -0.091
     266.32     0.072
     265.50    -0.041
     264.67     0.111
     263.85     0.120
     263.02     0.045
     262.20     0.050
     261.37    -0.013
     260.55     0.039
     259.73     0.026
     258.90    -0.105
     258.08    -0.108
     257.25     0.060
     256.43     0.015
     255.60    -0.005
     254.78    -0.054
     253.95    -0.079
     253.13     0.093
     252.30    -0.138
     251.48     0.006
     250.66     0.035
     249.83     0.113
     249.01     0.042
     248.18     0.003
     247.36    -0.083
     246.53    -0.050
     245.71    -0.082
     244.88     0.049
     244.06     0.168
     243.23     0.065
     242.41    -0.110
     241.59     0.079
     240.76    -0.058
     239.94    -0.064
     239.11    -0.265
     238.29     0.007
     237.46     0.031
     236.64     0.030
     235.81     0.016
     234.99    -0.081
     234.16    -0.013
     233.34     0.077
     232.52    -0.011
     231.69    -0.096
     230.87     0.022
     230.04    -0.070
     229.22     0.008
     228.39    -0.033
     227.57    -0.061
     226.74    -0.087
     225.92     0.028
     225.10     0.008
     224.27     0.072
     223.45     0.153
     222.62     0.121
     221.80    -0.013
     220.97    -0.024
     220.15    -0.038
     219.32     0.042
     218.50    -0.055
     217.67    -0.017
     216.85    -0.015
     216.03     0.024
     215.20    -0.005
     214.38     0.024
     213.55    -0.061
     212.73    -0.045
     211.90    -0.025
     211.08     0.059
     210.25    -0.051
     209.43    -0.010
     208.60    -0.031
     207.78     0.113
     206.96     0.116
     206.13    -0.070
     205.31    -0.062
     204.48    -0.111
     203.66    -0.033
     202.83     0.054
     202.01    -0.095
     201.18     0.054
     200.36     0.037
     199.53     0.015
     198.71    -0.073
     197.89    -0.031
     197.06     0.111
     196.24    -0.044
     195.41     0.094
     194.59     0.087
     193.76     0.052
     192.94     0.032
     192.11    -0.003
     191.29     0.118
     190.47     0.014
     189.64    -0.060
     188.82    -0.037
     187.99    -0.192
     187.17    -0.014
     186.34     0.032
     185.52     0.009
     184.69     0.106
     183.87    -0.219
     183.04    -0.097
     182.22     0.027
     181.40     0.111
     180.57     0.117
     179.75    -0.068
     178.92     0.105
     178.10    -0.034
     177.27    -0.161
     176.45    -0.094
     175.62    -0.052
     174.80     0.101
     173.97    -0.103
     173.15     0.081
     172.33    -0.116
     171.50     0.009
     170.68    -0.027
     169.85    -0.039
     169.03     0.017
     168.20    -0.141
     167.38     0.016
     166.55    -0.050
     165.73     0.023
     164.90     0.016
     164.08     0.100
     163.26     0.066
     162.43     0.075
     161.61    -0.064
     160.78    -0.011
     159.96    -0.047
     159.13     0.009
     158.31     0.063
     157.48    -0.039
     156.66    -0.041
     155.84     0.054
     155.01     0.214
     154.19     0.308
     153.36     0.096
     152.54     0.045
     151.71     0.244
     150.89     0.301
     150.06     0.220
     149.24     0.269
     148.41     0.340
     147.59     0.418
     146.77     0.317
     145.94     0.305
     145.12     0.392
     144.29     0.505
     143.47     0.661
     142.64     0.543
     141.82     0.448
     140.99     0.780
     140.17     0.774
     139.34     0.755
     138.52     0.768
     137.70     0.833
     136.87     0.922
     136.05     0.969
     135.22     0.801
     134.40     0.943
     133.57     1.127
     132.75     1.318
     131.92     1.347
     131.10     1.187
     130.27     1.313
     129.45     1.454
     128.63     1.452
     127.80     1.488
     126.98     1.506
     126.15     1.458
     125.33     1.570
     124.50     1.798
     123.68     1.784
     122.85     1.969
     122.03     1.964
     121.21     2.013
     120.38     2.129
     119.56     2.427
     118.73     2.276
     117.91     2.717
     117.08     3.062
     116.26     3.525
     115.43     4.072
     114.61     4.220
     113.78     4.590
     112.96     4.515
     112.14     4.952
     111.31     5.871
     110.49     7.014
     109.66     8.506
     108.84    11.666
     108.01    15.170
     107.19    17.366
     106.36    15.330
     105.54    10.860
     104.71     8.141
     103.89     6.562
     103.07     6.223
     102.24     5.887
     101.42     5.683
     100.59     5.642
      99.77     5.516
      98.94     5.539
      98.12     5.866
      97.29     5.707
      96.47     5.822
      95.64     5.998
      94.82     6.134
      94.00     6.441
      93.17     6.513
      92.35     6.778
      91.52     7.173
      90.70     7.479
      89.87     8.046
      89.05     8.418
      88.22     8.732
      87.40     8.806
      86.58     8.562
      85.75     8.220
      84.93     7.883
      84.10     7.721
      83.28     7.319
      82.45     6.959
      81.63     6.798
      80.80     6.287
      79.98     6.056
      79.15     5.671
      78.33     5.317
      77.51     5.025
      76.68     4.482
      75.86     4.069
      75.03     3.793
      74.21     3.510
      73.38     3.268
      72.56     3.119
      71.73     2.816
      70.91     2.589
      70.08     2.269
      69.26     1.997
      68.44     1.843
      67.61     1.757
      66.79     1.379
      65.96     1.462
      65.14     1.537
      64.31     1.479
      63.49     1.452
      62.66     1.688
      61.84     1.778
      61.01     2.008
      60.19     2.298
      59.37     2.484
      58.54     2.633
      57.72     2.656
      56.89     2.600
      56.07     2.771
      55.24     2.682
      54.42     2.861
      53.59     3.193
      52.77     3.432
      51.95     3.861
      51.12     4.085
      50.30     4.555
      49.47     4.937
      48.65     5.238
      47.82     5.710
      47.00     6.378
      46.17     6.851
      45.35     7.742
      44.52     8.704
      43.70     9.826
      42.88    10.886
      42.05    12.377
      41.23    13.594
      40.40    15.253
      39.58    16.883
      38.75    18.629
      37.93    20.441
      37.10    23.362
      36.28    25.834
      35.45    28.924
      34.63    32.870
      33.81    37.501
      32.98    42.964
      32.16    49.410
      31.33    55.027
      30.51    59.743
      29.68    61.828
      28.86    61.097
      28.03    58.445
      27.21    53.975
      26.38    47.507
      25.56    41.219
      24.74    35.229
      23.91    29.968
      23.09    25.679
      22.26    22.202
      21.44    20.046
      20.61    19.070
      19.79    19.306
      18.96    20.189
      18.14    21.542
      17.32    23.851
      16.49    26.366
      15.67    29.525
      14.84    33.295
      14.02    37.820
      13.19    43.580
      12.37    50.440
      11.54    58.426
      10.72    64.668
       9.89    69.687
       9.07    72.351
       8.25    74.198
       7.42    73.835
       6.60    71.051
       5.77    65.812
       4.95    59.168
       4.12    53.973
       3.30    51.443
       2.47    51.555
       1.65    54.223
       0.82    58.121
       0.00    60.910
      -0.82    62.626
      -1.65    65.682
      -2.47    66.627
      -3.30    65.535
      -4.12    60.470
      -4.95    51.933
      -5.77    43.817
      -6.60    38.469
      -7.42    37.524
      -8.25    39.957
      -9.07    45.272
      -9.89    51.431
     -10.72    59.889
     -11.54    68.902
     -12.37    77.809
     -13.19    86.765
     -14.02    94.592
     -14.84   100.573
     -15.67   105.622
     -16.49   108.027
     -17.32   109.442
     -18.14   109.821
     -18.96   109.474
     -19.79   107.376
     -20.61   104.522
     -21.44   102.307
     -22.26   102.196
     -23.09   101.037
     -23.91   100.907
     -24.74   100.086
     -25.56   100.749
     -26.38   101.787
     -27.21   100.162
     -28.03    98.326
     -28.86    97.238
     -29.68    96.718
     -30.51    96.064
     -31.33    93.544
     -32.16    92.832
     -32.98    94.790
     -33.81    95.146
     -34.63    90.685
     -35.45    85.425
     -36.28    79.815
     -37.10    74.826
     -37.93    70.613
     -38.75    67.086
     -39.58    64.603
     -40.40    62.511
     -41.23    59.651
     -42.05    56.114
     -42.88    52.300
     -43.70    47.719
     -44.52    43.155
     -45.35    38.573
     -46.17    34.012
     -47.00    30.622
     -47.82    27.588
     -48.65    25.459
     -49.47    23.849
     -50.30    22.251
     -51.12    21.144
     -51.95    20.125
     -52.77    18.743
     -53.59    17.036
     -54.42    15.226
     -55.24    12.965
     -56.07    11.113
     -56.89     9.301
     -57.72     7.764
     -58.54     6.438
     -59.37     5.354
     -60.19     4.504
     -61.01     3.641
     -61.84     3.172
     -62.66     2.643
     -63.49     2.462
     -64.31     2.119
     -65.14     1.864
     -65.96     1.497
     -66.79     1.474
     -67.61     1.235
     -68.44     1.164
     -69.26     0.793
     -70.08     0.781
     -70.91     0.584
     -71.73     0.582
     -72.56     0.497
     -73.38     0.720
     -74.21     0.360
     -75.03     0.327
     -75.86     0.314
     -76.68     0.253
     -77.51     0.179
     -78.33     0.210
     -79.15     0.272
     -79.98     0.056
     -80.80     0.070
     -81.63     0.158
     -82.45     0.215
     -83.28     0.052
     -84.10    -0.049
     -84.93    -0.034
     -85.75     0.209
     -86.58     0.021
     -87.40     0.034
     -88.22    -0.125
     -89.05     0.129
     -89.87     0.188
     -90.70     0.086
     -91.52    -0.065
     -92.35    -0.043
     -93.17     0.020
     -94.00    -0.086
     -94.82     0.005
     -95.64     0.046
     -96.47     0.122
     -97.29    -0.051
     -98.12    -0.026
     -98.94    -0.072
     -99.77     0.133
    -100.59     0.087
    -101.42    -0.016
    -102.24     0.086
    -103.07    -0.008
    -103.89     0.044
    -104.71    -0.030
    -105.54     0.009
    -106.36    -0.056
    -107.19     0.109
    -108.01    -0.092
    -108.84     0.150
    -109.66    -0.088
    -110.49    -0.070
    -111.31    -0.021
    -112.14    -0.070
    -112.96     0.111
    -113.78    -0.005
    -114.61     0.013
    -115.43     0.074
    -116.26    -0.112
    -117.08     0.094
    -117.91    -0.124
    -118.73     0.027
    -119.56    -0.145
    -120.38    -0.187
    -121.21    -0.075
    -122.03     0.130
    -122.85    -0.030
    -123.68    -0.109
    -124.50    -0.046
    -125.33    -0.182
    -126.15    -0.001
    -126.98    -0.001
    -127.80     0.010
    -128.63    -0.019
    -129.45    -0.131
    -130.27     0.087
    -131.10     0.006
    -131.92    -0.007
    -132.75     0.082
    -133.57     0.020
    -134.40    -0.014
    -135.22    -0.047
    -136.05    -0.073
    -136.87     0.012
    -137.70     0.042
    -138.52    -0.039
    -139.34     0.033
    -140.17    -0.042
    -140.99    -0.051
    -141.82    -0.009
    -142.64     0.120
    -143.47     0.003
    -144.29    -0.034
    -145.12     0.041
    -145.94    -0.048
    -146.77     0.045
    -147.59     0.035
    -148.41    -0.109
    -149.24     0.210
    -150.06     0.201
    -150.89    -0.038
    -151.71    -0.045
    -152.54    -0.010
    -153.36    -0.030
    -154.19    -0.013
    -155.01     0.031
    -155.84     0.027
    -156.66    -0.014
    -157.48     0.007
    -158.31    -0.117
    -159.13     0.009
    -159.96     0.028
    -160.78     0.009
    -161.61     0.005
    -162.43    -0.094
    -163.26     0.084
    -164.08     0.036
    -164.90    -0.025
    -165.73    -0.067
    -166.55     0.120
    -167.38     0.017
    -168.20     0.057
    -169.03    -0.105
    -169.85     0.042
    -170.68     0.019
    -171.50    -0.102
    -172.33     0.086
    -173.15     0.090
    -173.97     0.002
    -174.80     0.056
    -175.62     0.003
    -176.45     0.039
    -177.27    -0.023
    -178.10    -0.001
    -178.92    -0.074
    -179.75    -0.049
    -180.57    -0.123
    -181.40    -0.091
    -182.22     0.081
    -183.04     0.019
    -183.87     0.085
    -184.69     0.024
    -185.52     0.209
    -186.34    -0.056
    -187.17     0.010
    -187.99     0.144
    -188.82     0.015
    -189.64     0.008
    -190.47     0.030
    -191.29     0.021
    -192.11     0.018
    -192.94     0.054
    -193.76     0.011
    -194.59     0.038
    -195.41     0.047
    -196.24     0.101
    -197.06    -0.029
    -197.89     0.006
    -198.71    -0.066
    -199.53     0.066
    -200.36    -0.031
    -201.18     0.108
    -202.01     0.089
    -202.83     0.062
    -203.66     0.019
    -204.48     0.012
    -205.31    -0.196
    -206.13    -0.132
    -206.96     0.006
    -207.78    -0.010
    -208.60    -0.109
    -209.43     0.030
    -210.25     0.084
    -211.08    -0.032
    -211.90     0.009
    -212.73     0.067
    -213.55    -0.008
    -214.38     0.060
    -215.20    -0.108
    -216.03    -0.113
    -216.85     0.132
    -217.67    -0.001
    -218.50     0.005
    -219.32    -0.049
    -220.15     0.002
    -220.97     0.001
    -221.80    -0.109
    -222.62    -0.014
    -223.45    -0.022
    -224.27    -0.072
    -225.10    -0.057
    -225.92     0.123
    -226.74    -0.010
    -227.57    -0.035
    -228.39    -0.090
    -229.22     0.080
    -230.04     0.045
    -230.87    -0.047
    -231.69     0.054
    -232.52     0.120
    -233.34     0.056
    -234.16     0.027
    -234.99     0.027
    -235.81    -0.053
    -236.64    -0.063
    -237.46    -0.011
    -238.29    -0.044
    -239.11    -0.136
    -239.94     0.039
    -240.76     0.028
    -241.59     0.035
    -242.41     0.081
    -243.23    -0.096
    -244.06     0.136
    -244.88     0.057
    -245.71    -0.074
    -246.53     0.128
    -247.36     0.123
    -248.18    -0.067
    -249.01    -0.006
    -249.83     0.058
    -250.66    -0.029
    -251.48    -0.066
    -252.30     0.121
    -253.13     0.026
    -253.95    -0.034
    -254.78    -0.173
    -255.60    -0.014
    -256.43     0.000
    -257.25    -0.159
    -258.08    -0.033
    -258.90    -0.122
    -259.73     0.020
    -260.55    -0.056
    -261.37    -0.095
    -262.20     0.118
    -263.02    -0.043
    -263.85    -0.052
    -264.67    -0.016
    -265.50     0.002
    -266.32     0.019
    -267.15     0.164
    -267.97     0.117
    -268.79     0.050
    -269.62    -0.094
    -270.44    -0.006
    -271.27     0.005
    -272.09    -0.041
    -272.92     0.012
    -273.74    -0.049
    -274.57    -0.009
    -275.39    -0.101
    -276.22    -0.022
    -277.04     0.089
    -277.86     0.050
    -278.69     0.025
    -279.51     0.104
    -280.34     0.081
    -281.16    -0.055
    -281.99    -0.048
    -282.81    -0.131
    -283.64     0.080
    -284.46    -0.075
    -285.29     0.057
    -286.11     0.078
    -286.93    -0.138
    -287.76    -0.108
    -288.58    -0.002
    -289.41    -0.141
    -290.23    -0.041
    -291.06    -0.045
    -291.88    -0.032
    -292.71    -0.054
    -293.53     0.036
    -294.36     0.033
    -295.18    -0.037
    -296.00     0.020
    -296.83    -0.000
    -297.65    -0.004
    -298.48     0.038
    -299.30    -0.099
    -300.13    -0.051
    -300.95    -0.201
    -301.78     0.016
    -302.60     0.026
    -303.42     0.058
    -304.25    -0.060
    -305.07     0.108
    -305.90    -0.042
    -306.72    -0.124
    -307.55    -0.013
    -308.37     0.065
    -309.20     0.064
    -310.02     0.078
    -310.85     0.002
    -311.67     0.122
    -312.49    -0.027
    -313.32     0.008
    -314.14    -0.082
    -314.97     0.169
    -315.79     0.081
    -316.62    -0.065
    -317.44     0.093
    -318.27     0.042
    -319.09    -0.105
    -319.92     0.138
    -320.74     0.069
    -321.56    -0.090
    -322.39    -0.109
    -323.21     0.030
    -324.04    -0.092
    -324.86    -0.006
    -325.69     0.129
    -326.51     0.024
    -327.34    -0.015
    -328.16    -0.141
    -328.99     0.049
    -329.81     0.033
    -330.63     0.058
    -331.46    -0.024
    -332.28    -0.059
    -333.11     0.027
    -333.93    -0.131
    -334.76     0.005
    -335.58    -0.089
    -336.41     0.130
    -337.23     0.006
    -338.05    -0.095
    -338.88    -0.015
    -339.70     0.046
    -340.53    -0.149
    -341.35     0.060
    -342.18    -0.020
    -343.00     0.128
    -343.83     0.124
    -344.65    -0.035
    -345.48     0.007
    -346.30    -0.114
    -347.12     0.068
    -347.95     0.047
    -348.77    -0.067
    -349.60     0.001
    -350.42    -0.039
    -351.25     0.055
    -352.07    -0.051
    -352.90     0.098
    -353.72     0.032
    -354.55    -0.093
    -355.37    -0.105
    -356.19    -0.030
    -357.02     0.194
    -357.84     0.113
    -358.67     0.008
    -359.49    -0.044
    -360.32    -0.117
    -361.14     0.030
    -361.97     0.056
    -362.79     0.036
    -363.62    -0.020
    -364.44    -0.092
    -365.26     0.047
    -366.09     0.107
    -366.91    -0.209
    -367.74    -0.073
    -368.56     0.171
    -369.39    -0.072
    -370.21    -0.112
    -371.04     0.016
    -371.86    -0.020
    -372.68     0.220
    -373.51    -0.088
    -374.33    -0.076
    -375.16    -0.115
    -375.98     0.139
    -376.81     0.014
    -377.63    -0.056
    -378.46     0.064
    -379.28     0.094
    -380.11    -0.094
    -380.93     0.050
    -381.75     0.207
    -382.58    -0.052
    -383.40     0.068
    -384.23    -0.146
    -385.05    -0.051
    -385.88    -0.124
    -386.70    -0.142
    -387.53     0.105
    -388.35    -0.024
    -389.18     0.129
    -390.00     0.020
    -390.82     0.195
    -391.65    -0.132
    -392.47     0.079
    -393.30    -0.065
    -394.12     0.020
    -394.95     0.008
    -395.77     0.091
    -396.60    -0.077
    -397.42     0.124
    -398.25     0.042
    -399.07    -0.061
    -399.89    -0.043
%%gauss   801  datapoints: v_lsr [km/s] and T_B [K]
    -400.00     0.000
    -399.00     0.000
    -398.00     0.000
    -397.00     0.000
    -396.00     0.000
    -395.00     0.000
    -394.00     0.000
    -393.00     0.000
    -392.00     0.000
    -391.00     0.000
    -390.00     0.000
    -389.00     0.000
    -388.00     0.000
    -387.00     0.000
    -386.00     0.000
    -385.00     0.000
    -384.00     0.000
    -383.00     0.000
    -382.00     0.000
    -381.00     0.000
    -380.00     0.000
    -379.00     0.000
    -378.00     0.000
    -377.00     0.000
    -376.00     0.000
    -375.00     0.000
    -374.00     0.000
    -373.00     0.000
    -372.00     0.000
    -371.00     0.000
    -370.00     0.000
    -369.00     0.000
    -368.00     0.000
    -367.00     0.000
    -366.00     0.000
    -365.00     0.000
    -364.00     0.000
    -363.00     0.000
    -362.00     0.000
    -361.00     0.000
    -360.00     0.000
    -359.00     0.000
    -358.00     0.000
    -357.00     0.000
    -356.00     0.000
    -355.00     0.000
    -354.00     0.000
    -353.00     0.000
    -352.00     0.000
    -351.00     0.000
    -350.00     0.000
    -349.00     0.000
    -348.00     0.000
    -347.00     0.000
    -346.00     0.000
    -345.00     0.000
    -344.00     0.000
    -343.00     0.000
    -342.00     0.000
    -341.00     0.000
    -340.00     0.000
    -339.00     0.000
    -338.00     0.000
    -337.00     0.000
    -336.00     0.000
    -335.00     0.000
    -334.00     0.000
    -333.00     0.000
    -332.00     0.000
    -331.00     0.000
    -330.00     0.000
    -329.00     0.000
    -328.00     0.000
    -327.00     0.000
    -326.00     0.000
    -325.00     0.000
    -324.00     0.000
    -323.00     0.000
    -322.00     0.000
    -321.00     0.000
    -320.00     0.000
    -319.00     0.000
    -318.00     0.000
    -317.00     0.000
    -316.00     0.000
    -315.00     0.000
    -314.00     0.000
    -313.00     0.000
    -312.00     0.000
    -311.00     0.000
    -310.00     0.000
    -309.00     0.000
    -308.00     0.000
    -307.00     0.000
    -306.00     0.000
    -305.00     0.000
    -304.00     0.000
    -303.00     0.000
    -302.00     0.000
    -301.00     0.000
    -300.00     0.000
    -299.00     0.000
    -298.00     0.000
    -297.00     0.000
    -296.00     0.000
    -295.00     0.000
    -294.00     0.000
    -293.00     0.000
    -292.00     0.000
    -291.00     0.000
    -290.00     0.000
    -289.00     0.000
    -288.00     0.000
    -287.00     0.000
    -286.00     0.000
    -285.00     0.000
    -284.00     0.000
    -283.00     0.000
    -282.00     0.000
    -281.00     0.000
    -280.00     0.000
    -279.00     0.000
    -278.00     0.000
    -277.00     0.000
    -276.00     0.000
    -275.00     0.000
    -274.00     0.000
    -273.00     0.000
    -272.00     0.000
    -271.00     0.000
    -270.00     0.000
    -269.00     0.000
    -268.00     0.000
    -267.00     0.000
    -266.00     0.000
    -265.00     0.000
    -264.00     0.000
    -263.00     0.000
    -262.00     0.000
    -261.00     0.000
    -260.00     0.000
    -259.00     0.000
    -258.00     0.000
    -257.00     0.000
    -256.00     0.000
    -255.00     0.000
    -254.00     0.000
    -253.00     0.000
    -252.00     0.000
    -251.00     0.000
    -250.00     0.000
    -249.00     0.000
    -248.00     0.000
    -247.00     0.000
    -246.00     0.000
    -245.00     0.000
    -244.00     0.000
    -243.00     0.000
    -242.00     0.000
    -241.00     0.000
    -240.00     0.000
    -239.00     0.000
    -238.00     0.000
    -237.00     0.000
    -236.00     0.000
    -235.00     0.000
    -234.00     0.000
    -233.00     0.000
    -232.00     0.000
    -231.00     0.000
    -230.00     0.000
    -229.00     0.000
    -228.00     0.000
    -227.00     0.000
    -226.00     0.000
    -225.00     0.000
    -224.00     0.000
    -223.00     0.000
    -222.00     0.000
    -221.00     0.000
    -220.00     0.000
    -219.00     0.000
    -218.00     0.000
    -217.00     0.000
    -216.00     0.000
    -215.00     0.000
    -214.00     0.000
    -213.00     0.000
    -212.00     0.000
    -211.00     0.000
    -210.00     0.000
    -209.00     0.000
    -208.00     0.000
    -207.00     0.000
    -206.00     0.000
    -205.00     0.000
    -204.00     0.000
    -203.00     0.000
    -202.00     0.000
    -201.00     0.000
    -200.00     0.000
    -199.00     0.000
    -198.00     0.000
    -197.00     0.000
    -196.00     0.000
    -195.00     0.000
    -194.00     0.000
    -193.00     0.000
    -192.00     0.000
    -191.00     0.000
    -190.00     0.000
    -189.00     0.000
    -188.00     0.000
    -187.00     0.000
    -186.00     0.000
    -185.00     0.000
    -184.00     0.000
    -183.00     0.000
    -182.00     0.000
    -181.00     0.000
    -180.00     0.000
    -179.00     0.000
    -178.00     0.000
    -177.00     0.000
    -176.00     0.000
    -175.00     0.000
    -174.00     0.000
    -173.00     0.000
    -172.00     0.000
    -171.00     0.000
    -170.00     0.000
    -169.00     0.000
    -168.00     0.000
    -167.00     0.000
    -166.00     0.000
    -165.00     0.000
    -164.00     0.000
    -163.00     0.000
    -162.00     0.000
    -161.00     0.000
    -160.00     0.000
    -159.00     0.000
    -158.00     0.000
    -157.00     0.000
    -156.00     0.000
    -155.00     0.000
    -154.00     0.000
    -153.00     0.000
    -152.00     0.000
    -151.00     0.000
    -150.00     0.000
    -149.00     0.000
    -148.00     0.000
    -147.00     0.000
    -146.00     0.000
    -145.00     0.000
    -144.00     0.000
    -143.00     0.000
    -142.00     0.000
    -141.00     0.000
    -140.00     0.000
    -139.00     0.000
    -138.00     0.000
    -137.00     0.000
    -136.00     0.000
    -135.00     0.000
    -134.00     0.000
    -133.00     0.000
    -132.00     0.000
    -131.00     0.000
    -130.00     0.000
    -129.00     0.000
    -128.00     0.000
    -127.00     0.000
    -126.00     0.000
    -125.00     0.000
    -124.00     0.000
    -123.00     0.000
    -122.00     0.000
    -121.00     0.000
    -120.00     0.000
    -119.00     0.000
    -118.00     0.000
    -117.00     0.000
    -116.00     0.000
    -115.00     0.000
    -114.00     0.000
    -113.00     0.000
    -112.00     0.000
    -111.00     0.000
    -110.00     0.000
    -109.00     0.000
    -108.00     0.000
    -107.00     0.000
    -106.00     0.001
    -105.00     0.001
    -104.00     0.001
    -103.00     0.001
    -102.00     0.001
    -101.00     0.002
    -100.00     0.002
     -99.00     0.003
     -98.00     0.003
     -97.00     0.004
     -96.00     0.005
     -95.00     0.007
     -94.00     0.008
     -93.00     0.010
     -92.00     0.013
     -91.00     0.016
     -90.00     0.019
     -89.00     0.024
     -88.00     0.029
     -87.00     0.036
     -86.00     0.044
     -85.00     0.054
     -84.00     0.065
     -83.00     0.080
     -82.00     0.097
     -81.00     0.118
     -80.00     0.143
     -79.00     0.173
     -78.00     0.208
     -77.00     0.251
     -76.00     0.301
     -75.00     0.361
     -74.00     0.431
     -73.00     0.513
     -72.00     0.610
     -71.00     0.724
     -70.00     0.856
     -69.00     1.010
     -68.00     1.189
     -67.00     1.397
     -66.00     1.638
     -65.00     1.920
     -64.00     2.254
     -63.00     2.660
     -62.00     3.169
     -61.00     3.831
     -60.00     4.711
     -59.00     5.887
     -58.00     7.421
     -57.00     9.332
     -56.00    11.556
     -55.00    13.938
     -54.00    16.267
     -53.00    18.341
     -52.00    20.072
     -51.00    21.540
     -50.00    23.004
     -49.00    24.836
     -48.00    27.410
     -47.00    30.981
     -46.00    35.582
     -45.00    40.980
     -44.00    46.721
     -43.00    52.237
     -42.00    57.027
     -41.00    60.825
     -40.00    63.773
     -39.00    66.582
     -38.00    70.480
     -37.00    76.046
     -36.00    82.726
     -35.00    89.390
     -34.00    93.643
     -33.00    94.288
     -32.00    93.415
     -31.00    94.392
     -30.00    96.403
     -29.00    97.405
     -28.00    99.177
     -27.00   100.507
     -26.00   100.884
     -25.00   100.676
     -24.00   100.458
     -23.00   100.740
     -22.00   101.819
     -21.00   103.692
     -20.00   106.012
     -19.00   108.136
     -18.00   109.268
     -17.00   108.656
     -16.00   105.774
     -15.00   100.438
     -14.00    92.844
     -13.00    83.517
     -12.00    73.201
     -11.00    62.721
     -10.00    52.899
      -9.00    44.641
      -8.00    39.207
      -7.00    38.336
      -6.00    43.321
      -5.00    52.859
      -4.00    62.213
      -3.00    66.636
      -2.00    65.898
      -1.00    63.241
       0.00    60.368
       1.00    56.618
       2.00    52.650
       3.00    51.247
       4.00    54.099
       5.00    60.085
       6.00    66.637
       7.00    71.462
       8.00    73.239
       9.00    71.626
      10.00    66.971
      11.00    60.002
      12.00    51.808
      13.00    43.768
      14.00    37.014
      15.00    31.913
      16.00    28.129
      17.00    25.119
      18.00    22.655
      19.00    20.955
      20.00    20.401
      21.00    21.223
      22.00    23.471
      23.00    27.149
      24.00    32.268
      25.00    38.709
      26.00    45.983
      27.00    53.086
      28.00    58.641
      29.00    61.356
      30.00    60.577
      31.00    56.593
      32.00    50.492
      33.00    43.648
      34.00    37.187
      35.00    31.705
      36.00    27.296
      37.00    23.770
      38.00    20.863
      39.00    18.363
      40.00    16.146
      41.00    14.156
      42.00    12.376
      43.00    10.802
      44.00     9.432
      45.00     8.258
      46.00     7.266
      47.00     6.433
      48.00     5.735
      49.00     5.146
      50.00     4.643
      51.00     4.206
      52.00     3.821
      53.00     3.485
      54.00     3.200
      55.00     2.985
      56.00     2.864
      57.00     2.839
      58.00     2.847
      59.00     2.764
      60.00     2.517
      61.00     2.174
      62.00     1.866
      63.00     1.666
      64.00     1.572
      65.00     1.559
      66.00     1.610
      67.00     1.717
      68.00     1.877
      69.00     2.095
      70.00     2.376
      71.00     2.704
      72.00     3.039
      73.00     3.355
      74.00     3.676
      75.00     4.040
      76.00     4.457
      77.00     4.915
      78.00     5.399
      79.00     5.886
      80.00     6.354
      81.00     6.779
      82.00     7.141
      83.00     7.453
      84.00     7.757
      85.00     8.095
      86.00     8.450
      87.00     8.725
      88.00     8.783
      89.00     8.556
      90.00     8.106
      91.00     7.584
      92.00     7.111
      93.00     6.732
      94.00     6.430
      95.00     6.181
      96.00     5.970
      97.00     5.794
      98.00     5.658
      99.00     5.571
     100.00     5.547
     101.00     5.601
     102.00     5.747
     103.00     6.027
     104.00     6.704
     105.00     8.772
     106.00    13.028
     107.00    16.225
     108.00    14.338
     109.00    10.339
     110.00     7.828
     111.00     6.316
     112.00     5.211
     113.00     4.619
     114.00     4.375
     115.00     4.130
     116.00     3.663
     117.00     3.123
     118.00     2.710
     119.00     2.432
     120.00     2.232
     121.00     2.078
     122.00     1.954
     123.00     1.850
     124.00     1.760
     125.00     1.680
     126.00     1.606
     127.00     1.538
     128.00     1.472
     129.00     1.407
     130.00     1.343
     131.00     1.279
     132.00     1.214
     133.00     1.150
     134.00     1.085
     135.00     1.021
     136.00     0.957
     137.00     0.893
     138.00     0.830
     139.00     0.769
     140.00     0.709
     141.00     0.651
     142.00     0.595
     143.00     0.541
     144.00     0.490
     145.00     0.442
     146.00     0.397
     147.00     0.355
     148.00     0.315
     149.00     0.279
     150.00     0.246
     151.00     0.216
     152.00     0.189
     153.00     0.164
     154.00     0.142
     155.00     0.122
     156.00     0.105
     157.00     0.090
     158.00     0.076
     159.00     0.065
     160.00     0.055
     161.00     0.046
     162.00     0.038
     163.00     0.032
     164.00     0.027
     165.00     0.022
     166.00     0.018
     167.00     0.015
     168.00     0.012
     169.00     0.010
     170.00     0.008
     171.00     0.006
     172.00     0.005
     173.00     0.004
     174.00     0.003
     175.00     0.003
     176.00     0.002
     177.00     0.002
     178.00     0.001
     179.00     0.001
     180.00     0.001
     181.00     0.001
     182.00     0.001
     183.00     0.000
     184.00     0.000
     185.00     0.000
     186.00     0.000
     187.00     0.000
     188.00     0.000
     189.00     0.000
     190.00     0.000
     191.00     0.000
     192.00     0.000
     193.00     0.000
     194.00     0.000
     195.00     0.000
     196.00     0.000
     197.00     0.000
     198.00     0.000
     199.00     0.000
     200.00     0.000
     201.00     0.000
     202.00     0.000
     203.00     0.000
     204.00     0.000
     205.00     0.000
     206.00     0.000
     207.00     0.000
     208.00     0.000
     209.00     0.000
     210.00     0.000
     211.00     0.000
     212.00     0.000
     213.00     0.000
     214.00     0.000
     215.00     0.000
     216.00     0.000
     217.00     0.000
     218.00     0.000
     219.00     0.000
     220.00     0.000
     221.00     0.000
     222.00     0.000
     223.00     0.000
     224.00     0.000
     225.00     0.000
     226.00     0.000
     227.00     0.000
     228.00     0.000
     229.00     0.000
     230.00     0.000
     231.00     0.000
     232.00     0.000
     233.00     0.000
     234.00     0.000
     235.00     0.000
     236.00     0.000
     237.00     0.000
     238.00     0.000
     239.00     0.000
     240.00     0.000
     241.00     0.000
     242.00     0.000
     243.00     0.000
     244.00     0.000
     245.00     0.000
     246.00     0.000
     247.00     0.000
     248.00     0.000
     249.00     0.000
     250.00     0.000
     251.00     0.000
     252.00     0.000
     253.00     0.000
     254.00     0.000
     255.00     0.000
     256.00     0.000
     257.00     0.000
     258.00     0.000
     259.00     0.000
     260.00     0.000
     261.00     0.000
     262.00     0.000
     263.00     0.000
     264.00     0.000
     265.00     0.000
     266.00     0.000
     267.00     0.000
     268.00     0.000
     269.00     0.000
     270.00     0.000
     271.00     0.000
     272.00     0.000
     273.00     0.000
     274.00     0.000
     275.00     0.000
     276.00     0.000
     277.00     0.000
     278.00     0.000
     279.00     0.000
     280.00     0.000
     281.00     0.000
     282.00     0.000
     283.00     0.000
     284.00     0.000
     285.00     0.000
     286.00     0.000
     287.00     0.000
     288.00     0.000
     289.00     0.000
     290.00     0.000
     291.00     0.000
     292.00     0.000
     293.00     0.000
     294.00     0.000
     295.00     0.000
     296.00     0.000
     297.00     0.000
     298.00     0.000
     299.00     0.000
     300.00     0.000
     301.00     0.000
     302.00     0.000
     303.00     0.000
     304.00     0.000
     305.00     0.000
     306.00     0.000
     307.00     0.000
     308.00     0.000
     309.00     0.000
     310.00     0.000
     311.00     0.000
     312.00     0.000
     313.00     0.000
     314.00     0.000
     315.00     0.000
     316.00     0.000
     317.00     0.000
     318.00     0.000
     319.00     0.000
     320.00     0.000
     321.00     0.000
     322.00     0.000
     323.00     0.000
     324.00     0.000
     325.00     0.000
     326.00     0.000
     327.00     0.000
     328.00     0.000
     329.00     0.000
     330.00     0.000
     331.00     0.000
     332.00     0.000
     333.00     0.000
     334.00     0.000
     335.00     0.000
     336.00     0.000
     337.00     0.000
     338.00     0.000
     339.00     0.000
     340.00     0.000
     341.00     0.000
     342.00     0.000
     343.00     0.000
     344.00     0.000
     345.00     0.000
     346.00     0.000
     347.00     0.000
     348.00     0.000
     349.00     0.000
     350.00     0.000
     351.00     0.000
     352.00     0.000
     353.00     0.000
     354.00     0.000
     355.00     0.000
     356.00     0.000
     357.00     0.000
     358.00     0.000
     359.00     0.000
     360.00     0.000
     361.00     0.000
     362.00     0.000
     363.00     0.000
     364.00     0.000
     365.00     0.000
     366.00     0.000
     367.00     0.000
     368.00     0.000
     369.00     0.000
     370.00     0.000
     371.00     0.000
     372.00     0.000
     373.00     0.000
     374.00     0.000
     375.00     0.000
     376.00     0.000
     377.00     0.000
     378.00     0.000
     379.00     0.000
     380.00     0.000
     381.00     0.000
     382.00     0.000
     383.00     0.000
     384.00     0.000
     385.00     0.000
     386.00     0.000
     387.00     0.000
     388.00     0.000
     389.00     0.000
     390.00     0.000
     391.00     0.000
     392.00     0.000
     393.00     0.000
     394.00     0.000
     395.00     0.000
     396.00     0.000
     397.00     0.000
     398.00     0.000
     399.00     0.000
     400.00     0.000
%% HI4PI Gaussians - height, velocity, width (sigma) 
%     38.113   -27.448    15.586
%     84.242   -16.980     5.044
%     74.564     8.050     4.364
%     28.943    29.166     7.856
%     54.929   -27.864     3.970
%     37.201   -40.251     4.367
%     50.910    -3.093     2.177
%     31.254    29.123     3.112
%     34.132   -34.256     2.237
%      7.588    85.997     9.577
%      5.185    41.577    12.606
%     23.312     0.540     1.689
%      8.545   -52.432     3.532
%      4.010   106.600     7.152
%      1.637   121.212    14.877
%      5.970    16.661     2.183
%      5.032   107.737     2.214
%      7.311   106.994     1.083
%      4.644   -30.311     0.747
%      1.369    87.945     2.059
%      0.838    58.836     1.764
%      0.752   114.934     1.287
%      0.390    71.913     1.540
%      0.336  -477.990    -0.409
%      0.297  -149.780    -0.453
%      0.196  -267.480    -0.580
%      0.221   451.485    -0.445
%% component flagged & excluded if width negative ---
%% Gaussians are derived from GASS                   
