%%    328.000     1.000    0     0.200  -400.000   400.000
% HI4PI gauss data -------------
%   l, b, RA, DEC, beam interpolated N_HI, N_H2_dark, N_H2_tot  
% 328.000 ;   1.000 ; 237.532 ; -52.947 ;  0.167E+23 ;  0.481E+21 ;  0.268E+23
% nearest HEALPix pixel: l, b, RA, DEC, N_HI, N_H2_dark, N_H2_tot
% 328.008 ;   1.007 ; 237.534 ; -52.936 ;  0.167E+23 ;  0.396E+21 ;  0.266E+23
% GASS III survey --------------
% NH - median within 6 arcmin radius  0.160E+23
% NH - mean within specified beam     0.161E+23
% EBHIS survey -----------------
% NH  within specified beam            0.00    
%%EBHIS     0  datapoints: v_lsr [km/s] and T_B [K]
%%GASS    971  datapoints: v_lsr [km/s] and T_B [K]
     399.86     0.100
     399.04    -0.063
     398.22    -0.093
     397.39     0.040
     396.57     0.028
     395.74     0.008
     394.92     0.086
     394.09    -0.053
     393.27    -0.035
     392.44     0.035
     391.62    -0.136
     390.80    -0.104
     389.97     0.006
     389.15    -0.107
     388.32    -0.028
     387.50    -0.023
     386.67    -0.053
     385.85    -0.055
     385.02    -0.049
     384.20     0.135
     383.38    -0.060
     382.55     0.022
     381.73     0.010
     380.90     0.017
     380.08     0.100
     379.25    -0.042
     378.43     0.019
     377.60    -0.052
     376.78     0.001
     375.96     0.065
     375.13     0.162
     374.31    -0.109
     373.48    -0.080
     372.66     0.222
     371.83    -0.031
     371.01    -0.050
     370.18    -0.026
     369.36    -0.090
     368.53     0.054
     367.71     0.082
     366.89     0.005
     366.06    -0.002
     365.24    -0.085
     364.41    -0.011
     363.59     0.059
     362.76     0.062
     361.94     0.055
     361.11     0.040
     360.29    -0.033
     359.47    -0.043
     358.64    -0.018
     357.82    -0.189
     356.99    -0.057
     356.17     0.071
     355.34    -0.037
     354.52    -0.018
     353.69     0.019
     352.87    -0.068
     352.05    -0.077
     351.22    -0.068
     350.40    -0.008
     349.57     0.018
     348.75    -0.008
     347.92     0.355
     347.10    -0.005
     346.27    -0.110
     345.45     0.112
     344.63    -0.022
     343.80    -0.067
     342.98     0.066
     342.15    -0.075
     341.33     0.150
     340.50    -0.110
     339.68     0.049
     338.85     0.127
     338.03     0.009
     337.21    -0.048
     336.38    -0.073
     335.56     0.125
     334.73     0.021
     333.91     0.050
     333.08     0.060
     332.26     0.129
     331.43     0.057
     330.61     0.028
     329.79    -0.040
     328.96    -0.029
     328.14     0.031
     327.31    -0.076
     326.49     0.003
     325.66     0.023
     324.84     0.048
     324.01     0.022
     323.19    -0.025
     322.36    -0.079
     321.54     0.081
     320.72    -0.031
     319.89    -0.055
     319.07    -0.025
     318.24    -0.007
     317.42     0.029
     316.59     0.021
     315.77     0.036
     314.94     0.016
     314.12     0.027
     313.30     0.082
     312.47     0.111
     311.65    -0.054
     310.82     0.081
     310.00     0.018
     309.17    -0.004
     308.35    -0.050
     307.52    -0.099
     306.70    -0.147
     305.88    -0.034
     305.05    -0.011
     304.23    -0.152
     303.40     0.047
     302.58     0.020
     301.75    -0.088
     300.93     0.006
     300.10    -0.040
     299.28    -0.021
     298.46    -0.126
     297.63     0.104
     296.81     0.036
     295.98    -0.094
     295.16     0.108
     294.33    -0.023
     293.51    -0.078
     292.68    -0.013
     291.86     0.013
     291.04    -0.079
     290.21    -0.100
     289.39    -0.119
     288.56    -0.045
     287.74     0.030
     286.91    -0.051
     286.09     0.046
     285.26     0.075
     284.44    -0.010
     283.62     0.062
     282.79     0.017
     281.97    -0.043
     281.14    -0.031
     280.32     0.013
     279.49    -0.032
     278.67     0.106
     277.84     0.091
     277.02     0.145
     276.20    -0.017
     275.37     0.088
     274.55    -0.062
     273.72    -0.062
     272.90    -0.072
     272.07    -0.069
     271.25     0.069
     270.42     0.008
     269.60    -0.068
     268.77     0.087
     267.95     0.017
     267.13     0.001
     266.30     0.018
     265.48    -0.082
     264.65     0.167
     263.83    -0.106
     263.00     0.014
     262.18     0.002
     261.35    -0.084
     260.53     0.126
     259.71     0.021
     258.88    -0.103
     258.06    -0.063
     257.23     0.081
     256.41    -0.055
     255.58     0.207
     254.76    -0.014
     253.93     0.087
     253.11    -0.011
     252.29     0.011
     251.46    -0.065
     250.64    -0.055
     249.81    -0.069
     248.99     0.034
     248.16     0.026
     247.34    -0.007
     246.51    -0.048
     245.69     0.074
     244.87    -0.105
     244.04    -0.045
     243.22     0.104
     242.39    -0.017
     241.57    -0.093
     240.74     0.061
     239.92     0.017
     239.09     0.016
     238.27    -0.008
     237.45    -0.134
     236.62    -0.025
     235.80    -0.023
     234.97    -0.090
     234.15    -0.028
     233.32    -0.034
     232.50    -0.099
     231.67    -0.000
     230.85    -0.104
     230.03     0.005
     229.20    -0.083
     228.38     0.091
     227.55     0.009
     226.73     0.097
     225.90    -0.108
     225.08     0.069
     224.25    -0.040
     223.43     0.037
     222.60    -0.107
     221.78    -0.018
     220.96     0.072
     220.13    -0.003
     219.31     0.165
     218.48     0.176
     217.66    -0.195
     216.83    -0.096
     216.01    -0.067
     215.18    -0.028
     214.36    -0.077
     213.54     0.028
     212.71    -0.036
     211.89     0.034
     211.06     0.113
     210.24    -0.131
     209.41     0.057
     208.59    -0.047
     207.76    -0.006
     206.94    -0.098
     206.12     0.036
     205.29     0.023
     204.47     0.038
     203.64     0.201
     202.82    -0.004
     201.99     0.186
     201.17    -0.029
     200.34     0.082
     199.52     0.049
     198.70     0.021
     197.87     0.144
     197.05     0.068
     196.22     0.047
     195.40    -0.081
     194.57     0.029
     193.75     0.145
     192.92    -0.127
     192.10     0.057
     191.28    -0.152
     190.45     0.100
     189.63    -0.054
     188.80     0.101
     187.98     0.047
     187.15    -0.138
     186.33    -0.019
     185.50     0.106
     184.68     0.160
     183.86    -0.053
     183.03     0.060
     182.21    -0.006
     181.38     0.063
     180.56    -0.109
     179.73     0.046
     178.91     0.034
     178.08     0.008
     177.26     0.080
     176.44    -0.079
     175.61     0.079
     174.79     0.003
     173.96     0.003
     173.14     0.016
     172.31    -0.055
     171.49     0.111
     170.66    -0.070
     169.84    -0.024
     169.01     0.122
     168.19    -0.033
     167.37     0.080
     166.54    -0.113
     165.72     0.022
     164.89     0.059
     164.07     0.047
     163.24    -0.040
     162.42    -0.068
     161.59    -0.006
     160.77     0.122
     159.95     0.066
     159.12     0.056
     158.30     0.036
     157.47     0.062
     156.65    -0.050
     155.82    -0.104
     155.00    -0.027
     154.17     0.030
     153.35     0.033
     152.53     0.119
     151.70     0.023
     150.88     0.023
     150.05     0.098
     149.23     0.008
     148.40    -0.137
     147.58     0.010
     146.75    -0.070
     145.93     0.130
     145.11     0.070
     144.28     0.068
     143.46     0.161
     142.63     0.142
     141.81    -0.089
     140.98     0.053
     140.16     0.205
     139.33     0.040
     138.51     0.117
     137.69     0.049
     136.86     0.034
     136.04     0.064
     135.21     0.143
     134.39    -0.066
     133.56     0.126
     132.74     0.072
     131.91    -0.029
     131.09    -0.049
     130.27     0.019
     129.44     0.092
     128.62     0.016
     127.79     0.046
     126.97     0.001
     126.14     0.089
     125.32     0.006
     124.49     0.080
     123.67     0.060
     122.84     0.072
     122.02     0.001
     121.20    -0.116
     120.37     0.070
     119.55     0.195
     118.72     0.134
     117.90    -0.024
     117.07     0.019
     116.25     0.059
     115.42     0.182
     114.60     0.183
     113.78     0.132
     112.95     0.253
     112.13     0.205
     111.30     0.196
     110.48     0.152
     109.65     0.102
     108.83     0.070
     108.00     0.066
     107.18     0.343
     106.36     0.218
     105.53     0.340
     104.71     0.264
     103.88     0.379
     103.06     0.456
     102.23     0.380
     101.41     0.467
     100.58     0.555
      99.76     0.478
      98.94     0.627
      98.11     0.675
      97.29     0.920
      96.46     0.975
      95.64     1.130
      94.81     1.364
      93.99     1.325
      93.16     1.576
      92.34     1.918
      91.52     1.862
      90.69     2.267
      89.87     2.408
      89.04     2.602
      88.22     3.041
      87.39     3.339
      86.57     3.628
      85.74     4.058
      84.92     4.310
      84.10     4.843
      83.27     5.165
      82.45     5.619
      81.62     6.098
      80.80     6.667
      79.97     7.102
      79.15     7.552
      78.32     8.153
      77.50     8.832
      76.68     9.261
      75.85     9.720
      75.03    10.062
      74.20    10.118
      73.38     9.910
      72.55     9.510
      71.73     8.959
      70.90     8.645
      70.08     7.829
      69.25     7.543
      68.43     7.113
      67.61     6.678
      66.78     6.690
      65.96     6.260
      65.13     6.095
      64.31     6.155
      63.48     5.968
      62.66     6.001
      61.83     6.116
      61.01     6.096
      60.19     6.462
      59.36     6.494
      58.54     6.554
      57.71     6.487
      56.89     6.320
      56.06     5.975
      55.24     5.974
      54.41     5.978
      53.59     5.967
      52.77     6.184
      51.94     6.258
      51.12     6.441
      50.29     7.083
      49.47     7.368
      48.64     7.989
      47.82     8.883
      46.99    10.050
      46.17    11.208
      45.35    12.438
      44.52    13.458
      43.70    14.367
      42.87    14.913
      42.05    15.400
      41.22    15.874
      40.40    16.334
      39.57    16.523
      38.75    17.226
      37.93    17.876
      37.10    19.339
      36.28    20.622
      35.45    22.273
      34.63    23.413
      33.80    24.342
      32.98    25.228
      32.15    25.612
      31.33    25.626
      30.51    25.317
      29.68    24.606
      28.86    23.555
      28.03    22.409
      27.21    21.444
      26.38    20.587
      25.56    19.420
      24.73    18.438
      23.91    17.041
      23.08    15.613
      22.26    14.846
      21.44    13.900
      20.61    13.086
      19.79    12.318
      18.96    11.976
      18.14    11.686
      17.31    11.509
      16.49    12.094
      15.66    12.609
      14.84    13.453
      14.02    14.606
      13.19    16.050
      12.37    17.743
      11.54    19.865
      10.72    21.925
       9.89    24.424
       9.07    26.695
       8.24    29.535
       7.42    33.244
       6.60    35.419
       5.77    36.260
       4.95    37.004
       4.12    39.606
       3.30    42.747
       2.47    45.326
       1.65    48.691
       0.82    52.874
       0.00    55.936
      -0.82    56.150
      -1.65    53.900
      -2.47    51.076
      -3.30    50.204
      -4.12    51.065
      -4.95    50.824
      -5.77    48.488
      -6.60    45.167
      -7.42    42.169
      -8.24    40.154
      -9.07    38.211
      -9.89    37.334
     -10.72    37.777
     -11.54    39.845
     -12.37    43.681
     -13.19    49.953
     -14.02    57.859
     -14.84    65.136
     -15.66    69.906
     -16.49    71.367
     -17.31    68.677
     -18.14    61.926
     -18.96    54.085
     -19.79    45.772
     -20.61    39.636
     -21.44    34.924
     -22.26    31.253
     -23.08    30.347
     -23.91    32.313
     -24.73    37.923
     -25.56    47.641
     -26.38    59.601
     -27.21    69.377
     -28.03    73.836
     -28.86    76.354
     -29.68    75.815
     -30.51    71.903
     -31.33    66.023
     -32.15    58.946
     -32.98    53.672
     -33.80    51.900
     -34.63    52.916
     -35.45    56.846
     -36.28    62.468
     -37.10    69.297
     -37.93    75.777
     -38.75    80.345
     -39.57    82.791
     -40.40    86.387
     -41.22    89.411
     -42.05    94.141
     -42.87    96.549
     -43.70    99.582
     -44.52   100.142
     -45.35    98.851
     -46.17    97.178
     -46.99    94.773
     -47.82    91.083
     -48.64    87.345
     -49.47    83.180
     -50.29    78.880
     -51.12    74.883
     -51.94    70.601
     -52.77    66.873
     -53.59    62.968
     -54.41    59.756
     -55.24    56.824
     -56.06    54.958
     -56.89    52.847
     -57.71    51.013
     -58.54    50.037
     -59.36    47.996
     -60.19    47.464
     -61.01    47.296
     -61.83    47.270
     -62.66    47.592
     -63.48    48.332
     -64.31    49.104
     -65.13    50.531
     -65.96    52.097
     -66.78    53.816
     -67.61    55.804
     -68.43    58.087
     -69.25    60.370
     -70.08    63.118
     -70.90    66.806
     -71.73    71.033
     -72.55    75.394
     -73.38    80.654
     -74.20    86.104
     -75.03    91.324
     -75.85    96.638
     -76.68   100.136
     -77.50   102.735
     -78.32   104.138
     -79.15   105.846
     -79.97   106.617
     -80.80   106.676
     -81.62   106.808
     -82.45   106.428
     -83.27   105.650
     -84.10   104.442
     -84.92   102.267
     -85.74   100.821
     -86.57    99.788
     -87.39    98.688
     -88.22    98.063
     -89.04    97.897
     -89.87    98.400
     -90.69    99.249
     -91.52   100.271
     -92.34   101.723
     -93.16   103.173
     -93.99   104.413
     -94.81   105.885
     -95.64   106.818
     -96.46   106.251
     -97.29   105.274
     -98.11   103.544
     -98.94   101.132
     -99.76    98.468
    -100.58    95.482
    -101.41    91.899
    -102.23    87.560
    -103.06    81.288
    -103.88    73.173
    -104.71    63.759
    -105.53    54.163
    -106.36    45.220
    -107.18    37.413
    -108.00    30.868
    -108.83    25.497
    -109.65    20.594
    -110.48    16.493
    -111.30    13.365
    -112.13    10.371
    -112.95     8.380
    -113.78     6.693
    -114.60     5.387
    -115.42     4.527
    -116.25     3.673
    -117.07     2.979
    -117.90     2.457
    -118.72     2.338
    -119.55     1.751
    -120.37     1.665
    -121.20     1.468
    -122.02     1.246
    -122.84     1.143
    -123.67     1.007
    -124.49     0.903
    -125.32     0.786
    -126.14     0.700
    -126.97     0.632
    -127.79     0.646
    -128.62     0.515
    -129.44     0.363
    -130.27     0.436
    -131.09     0.437
    -131.91     0.447
    -132.74     0.386
    -133.56     0.318
    -134.39     0.461
    -135.21     0.299
    -136.04     0.345
    -136.86     0.301
    -137.69     0.248
    -138.51     0.158
    -139.33     0.161
    -140.16     0.090
    -140.98     0.169
    -141.81     0.193
    -142.63     0.283
    -143.46     0.131
    -144.28     0.143
    -145.11     0.228
    -145.93     0.180
    -146.75     0.147
    -147.58     0.179
    -148.40     0.010
    -149.23     0.136
    -150.05     0.203
    -150.88     0.148
    -151.70     0.270
    -152.53    -0.025
    -153.35     0.083
    -154.17     0.031
    -155.00     0.047
    -155.82     0.201
    -156.65     0.239
    -157.47     0.088
    -158.30     0.093
    -159.12     0.008
    -159.95     0.135
    -160.77     0.001
    -161.59     0.118
    -162.42     0.127
    -163.24     0.115
    -164.07    -0.060
    -164.89    -0.096
    -165.72     0.082
    -166.54     0.044
    -167.37    -0.031
    -168.19    -0.022
    -169.01     0.144
    -169.84     0.058
    -170.66    -0.023
    -171.49     0.006
    -172.31    -0.068
    -173.14    -0.042
    -173.96     0.100
    -174.79    -0.002
    -175.61     0.006
    -176.44    -0.004
    -177.26    -0.027
    -178.08    -0.008
    -178.91    -0.005
    -179.73     0.005
    -180.56     0.063
    -181.38    -0.069
    -182.21     0.176
    -183.03     0.046
    -183.86     0.026
    -184.68    -0.029
    -185.50    -0.149
    -186.33    -0.014
    -187.15     0.087
    -187.98    -0.061
    -188.80    -0.109
    -189.63    -0.009
    -190.45    -0.029
    -191.28     0.159
    -192.10     0.058
    -192.92    -0.070
    -193.75     0.074
    -194.57    -0.171
    -195.40     0.071
    -196.22     0.096
    -197.05    -0.134
    -197.87    -0.048
    -198.70     0.119
    -199.52     0.135
    -200.34     0.035
    -201.17    -0.180
    -201.99    -0.097
    -202.82    -0.111
    -203.64     0.066
    -204.47     0.069
    -205.29    -0.078
    -206.12     0.042
    -206.94     0.039
    -207.76    -0.068
    -208.59    -0.027
    -209.41    -0.146
    -210.24    -0.055
    -211.06    -0.039
    -211.89    -0.121
    -212.71     0.094
    -213.54    -0.041
    -214.36     0.189
    -215.18    -0.054
    -216.01    -0.036
    -216.83     0.045
    -217.66     0.013
    -218.48    -0.012
    -219.31    -0.083
    -220.13     0.109
    -220.96     0.126
    -221.78     0.063
    -222.60    -0.047
    -223.43    -0.027
    -224.25    -0.146
    -225.08    -0.018
    -225.90     0.034
    -226.73     0.000
    -227.55    -0.120
    -228.38     0.014
    -229.20    -0.038
    -230.03    -0.020
    -230.85     0.010
    -231.67     0.154
    -232.50     0.201
    -233.32    -0.101
    -234.15    -0.039
    -234.97    -0.042
    -235.80    -0.040
    -236.62     0.100
    -237.45    -0.137
    -238.27    -0.110
    -239.09     0.103
    -239.92    -0.048
    -240.74    -0.119
    -241.57     0.151
    -242.39     0.016
    -243.22     0.035
    -244.04    -0.041
    -244.87     0.136
    -245.69    -0.091
    -246.51     0.023
    -247.34     0.090
    -248.16    -0.075
    -248.99    -0.026
    -249.81     0.068
    -250.64     0.150
    -251.46     0.035
    -252.29     0.052
    -253.11    -0.031
    -253.93    -0.015
    -254.76     0.067
    -255.58    -0.132
    -256.41    -0.012
    -257.23     0.088
    -258.06    -0.074
    -258.88     0.153
    -259.71     0.055
    -260.53    -0.001
    -261.35     0.041
    -262.18     0.129
    -263.00    -0.027
    -263.83     0.010
    -264.65    -0.070
    -265.48    -0.092
    -266.30     0.094
    -267.13    -0.005
    -267.95     0.111
    -268.77     0.057
    -269.60    -0.042
    -270.42     0.097
    -271.25     0.044
    -272.07     0.061
    -272.90     0.086
    -273.72    -0.091
    -274.55     0.045
    -275.37    -0.134
    -276.20    -0.052
    -277.02    -0.103
    -277.84     0.085
    -278.67    -0.111
    -279.49    -0.043
    -280.32    -0.007
    -281.14     0.032
    -281.97    -0.077
    -282.79    -0.086
    -283.62     0.116
    -284.44    -0.125
    -285.26     0.122
    -286.09     0.047
    -286.91    -0.003
    -287.74    -0.040
    -288.56    -0.077
    -289.39    -0.081
    -290.21    -0.072
    -291.04    -0.010
    -291.86    -0.149
    -292.68     0.031
    -293.51     0.057
    -294.33    -0.102
    -295.16     0.037
    -295.98    -0.078
    -296.81     0.034
    -297.63    -0.057
    -298.46     0.024
    -299.28     0.104
    -300.10     0.047
    -300.93     0.041
    -301.75     0.024
    -302.58    -0.091
    -303.40     0.001
    -304.23     0.058
    -305.05     0.074
    -305.88    -0.003
    -306.70     0.052
    -307.52     0.081
    -308.35     0.040
    -309.17    -0.041
    -310.00    -0.000
    -310.82     0.117
    -311.65    -0.250
    -312.47     0.057
    -313.30    -0.118
    -314.12    -0.015
    -314.94    -0.057
    -315.77    -0.033
    -316.59    -0.059
    -317.42     0.054
    -318.24    -0.074
    -319.07     0.090
    -319.89    -0.004
    -320.72    -0.065
    -321.54     0.001
    -322.36     0.112
    -323.19    -0.043
    -324.01    -0.017
    -324.84     0.040
    -325.66    -0.046
    -326.49     0.088
    -327.31    -0.054
    -328.14     0.114
    -328.96     0.065
    -329.79    -0.035
    -330.61    -0.057
    -331.43    -0.093
    -332.26    -0.004
    -333.08     0.006
    -333.91     0.049
    -334.73    -0.138
    -335.56    -0.019
    -336.38    -0.088
    -337.21     0.103
    -338.03     0.111
    -338.85     0.003
    -339.68    -0.075
    -340.50     0.048
    -341.33    -0.013
    -342.15    -0.062
    -342.98    -0.035
    -343.80     0.010
    -344.63     0.014
    -345.45     0.102
    -346.27     0.001
    -347.10     0.031
    -347.92     0.001
    -348.75    -0.003
    -349.57     0.047
    -350.40    -0.022
    -351.22    -0.045
    -352.05     0.155
    -352.87     0.020
    -353.69     0.033
    -354.52    -0.087
    -355.34    -0.138
    -356.17    -0.009
    -356.99     0.067
    -357.82     0.037
    -358.64    -0.004
    -359.47     0.055
    -360.29    -0.056
    -361.11    -0.041
    -361.94    -0.098
    -362.76    -0.045
    -363.59     0.008
    -364.41    -0.046
    -365.24     0.023
    -366.06     0.023
    -366.89     0.130
    -367.71     0.119
    -368.53     0.045
    -369.36     0.039
    -370.18     0.088
    -371.01     0.011
    -371.83    -0.013
    -372.66    -0.047
    -373.48     0.050
    -374.31    -0.024
    -375.13     0.019
    -375.96     0.001
    -376.78    -0.055
    -377.60    -0.037
    -378.43    -0.066
    -379.25     0.047
    -380.08     0.038
    -380.90    -0.033
    -381.73    -0.018
    -382.55    -0.090
    -383.38     0.027
    -384.20     0.080
    -385.02    -0.077
    -385.85    -0.025
    -386.67     0.038
    -387.50    -0.129
    -388.32     0.053
    -389.15    -0.015
    -389.97    -0.060
    -390.80    -0.159
    -391.62    -0.097
    -392.44     0.135
    -393.27     0.002
    -394.09     0.002
    -394.92    -0.221
    -395.74     0.031
    -396.57    -0.110
    -397.39     0.105
    -398.22    -0.032
    -399.04    -0.085
    -399.86     0.094
%%gauss   801  datapoints: v_lsr [km/s] and T_B [K]
    -400.00     0.000
    -399.00     0.000
    -398.00     0.000
    -397.00     0.000
    -396.00     0.000
    -395.00     0.000
    -394.00     0.000
    -393.00     0.000
    -392.00     0.000
    -391.00     0.000
    -390.00     0.000
    -389.00     0.000
    -388.00     0.000
    -387.00     0.000
    -386.00     0.000
    -385.00     0.000
    -384.00     0.000
    -383.00     0.000
    -382.00     0.000
    -381.00     0.000
    -380.00     0.000
    -379.00     0.000
    -378.00     0.000
    -377.00     0.000
    -376.00     0.000
    -375.00     0.000
    -374.00     0.000
    -373.00     0.000
    -372.00     0.000
    -371.00     0.000
    -370.00     0.000
    -369.00     0.000
    -368.00     0.000
    -367.00     0.000
    -366.00     0.000
    -365.00     0.000
    -364.00     0.000
    -363.00     0.000
    -362.00     0.000
    -361.00     0.000
    -360.00     0.000
    -359.00     0.000
    -358.00     0.000
    -357.00     0.000
    -356.00     0.000
    -355.00     0.000
    -354.00     0.000
    -353.00     0.000
    -352.00     0.000
    -351.00     0.000
    -350.00     0.000
    -349.00     0.000
    -348.00     0.000
    -347.00     0.000
    -346.00     0.000
    -345.00     0.000
    -344.00     0.000
    -343.00     0.000
    -342.00     0.000
    -341.00     0.000
    -340.00     0.000
    -339.00     0.000
    -338.00     0.000
    -337.00     0.000
    -336.00     0.000
    -335.00     0.000
    -334.00     0.000
    -333.00     0.000
    -332.00     0.000
    -331.00     0.000
    -330.00     0.000
    -329.00     0.000
    -328.00     0.000
    -327.00     0.000
    -326.00     0.000
    -325.00     0.000
    -324.00     0.000
    -323.00     0.000
    -322.00     0.000
    -321.00     0.000
    -320.00     0.000
    -319.00     0.000
    -318.00     0.000
    -317.00     0.000
    -316.00     0.000
    -315.00     0.000
    -314.00     0.000
    -313.00     0.000
    -312.00     0.000
    -311.00     0.000
    -310.00     0.000
    -309.00     0.000
    -308.00     0.000
    -307.00     0.000
    -306.00     0.000
    -305.00     0.000
    -304.00     0.000
    -303.00     0.000
    -302.00     0.000
    -301.00     0.000
    -300.00     0.000
    -299.00     0.000
    -298.00     0.000
    -297.00     0.000
    -296.00     0.000
    -295.00     0.000
    -294.00     0.000
    -293.00     0.000
    -292.00     0.000
    -291.00     0.000
    -290.00     0.000
    -289.00     0.000
    -288.00     0.000
    -287.00     0.000
    -286.00     0.000
    -285.00     0.000
    -284.00     0.000
    -283.00     0.000
    -282.00     0.000
    -281.00     0.000
    -280.00     0.000
    -279.00     0.000
    -278.00     0.000
    -277.00     0.000
    -276.00     0.000
    -275.00     0.000
    -274.00     0.000
    -273.00     0.000
    -272.00     0.000
    -271.00     0.000
    -270.00     0.000
    -269.00     0.000
    -268.00     0.000
    -267.00     0.000
    -266.00     0.000
    -265.00     0.000
    -264.00     0.000
    -263.00     0.000
    -262.00     0.000
    -261.00     0.000
    -260.00     0.000
    -259.00     0.000
    -258.00     0.000
    -257.00     0.000
    -256.00     0.000
    -255.00     0.000
    -254.00     0.000
    -253.00     0.000
    -252.00     0.000
    -251.00     0.000
    -250.00     0.000
    -249.00     0.000
    -248.00     0.000
    -247.00     0.000
    -246.00     0.000
    -245.00     0.000
    -244.00     0.000
    -243.00     0.000
    -242.00     0.000
    -241.00     0.000
    -240.00     0.000
    -239.00     0.000
    -238.00     0.000
    -237.00     0.000
    -236.00     0.000
    -235.00     0.000
    -234.00     0.000
    -233.00     0.000
    -232.00     0.000
    -231.00     0.000
    -230.00     0.000
    -229.00     0.000
    -228.00     0.000
    -227.00     0.000
    -226.00     0.000
    -225.00     0.000
    -224.00     0.000
    -223.00     0.000
    -222.00     0.000
    -221.00     0.000
    -220.00     0.000
    -219.00     0.000
    -218.00     0.000
    -217.00     0.000
    -216.00     0.001
    -215.00     0.001
    -214.00     0.001
    -213.00     0.001
    -212.00     0.001
    -211.00     0.001
    -210.00     0.001
    -209.00     0.001
    -208.00     0.001
    -207.00     0.001
    -206.00     0.001
    -205.00     0.001
    -204.00     0.002
    -203.00     0.002
    -202.00     0.002
    -201.00     0.002
    -200.00     0.002
    -199.00     0.003
    -198.00     0.003
    -197.00     0.003
    -196.00     0.003
    -195.00     0.004
    -194.00     0.004
    -193.00     0.004
    -192.00     0.005
    -191.00     0.005
    -190.00     0.006
    -189.00     0.007
    -188.00     0.007
    -187.00     0.008
    -186.00     0.009
    -185.00     0.010
    -184.00     0.011
    -183.00     0.012
    -182.00     0.013
    -181.00     0.014
    -180.00     0.016
    -179.00     0.017
    -178.00     0.019
    -177.00     0.021
    -176.00     0.023
    -175.00     0.025
    -174.00     0.027
    -173.00     0.030
    -172.00     0.032
    -171.00     0.035
    -170.00     0.038
    -169.00     0.042
    -168.00     0.045
    -167.00     0.049
    -166.00     0.053
    -165.00     0.057
    -164.00     0.061
    -163.00     0.066
    -162.00     0.070
    -161.00     0.075
    -160.00     0.080
    -159.00     0.085
    -158.00     0.090
    -157.00     0.095
    -156.00     0.101
    -155.00     0.106
    -154.00     0.112
    -153.00     0.117
    -152.00     0.123
    -151.00     0.129
    -150.00     0.135
    -149.00     0.141
    -148.00     0.147
    -147.00     0.154
    -146.00     0.161
    -145.00     0.169
    -144.00     0.177
    -143.00     0.186
    -142.00     0.196
    -141.00     0.208
    -140.00     0.220
    -139.00     0.234
    -138.00     0.250
    -137.00     0.268
    -136.00     0.288
    -135.00     0.312
    -134.00     0.339
    -133.00     0.370
    -132.00     0.405
    -131.00     0.446
    -130.00     0.494
    -129.00     0.549
    -128.00     0.613
    -127.00     0.687
    -126.00     0.774
    -125.00     0.877
    -124.00     0.998
    -123.00     1.144
    -122.00     1.322
    -121.00     1.542
    -120.00     1.820
    -119.00     2.179
    -118.00     2.650
    -117.00     3.279
    -116.00     4.129
    -115.00     5.285
    -114.00     6.855
    -113.00     8.981
    -112.00    11.820
    -111.00    15.518
    -110.00    20.156
    -109.00    25.769
    -108.00    32.492
    -107.00    40.612
    -106.00    50.340
    -105.00    61.308
    -104.00    72.215
    -103.00    81.405
    -102.00    88.144
    -101.00    93.004
    -100.00    96.934
     -99.00   100.357
     -98.00   103.137
     -97.00   104.979
     -96.00   105.726
     -95.00   105.430
     -94.00   104.305
     -93.00   102.667
     -92.00   100.868
     -91.00    99.252
     -90.00    98.103
     -89.00    97.619
     -88.00    97.883
     -87.00    98.857
     -86.00   100.379
     -85.00   102.171
     -84.00   103.884
     -83.00   105.190
     -82.00   105.895
     -81.00   105.991
     -80.00   105.588
     -79.00   104.715
     -78.00   103.132
     -77.00   100.354
     -76.00    95.996
     -75.00    90.176
     -74.00    83.554
     -73.00    76.963
     -72.00    71.005
     -71.00    65.932
     -70.00    61.743
     -69.00    58.320
     -68.00    55.513
     -67.00    53.187
     -66.00    51.254
     -65.00    49.687
     -64.00    48.505
     -63.00    47.736
     -62.00    47.397
     -61.00    47.500
     -60.00    48.057
     -59.00    49.089
     -58.00    50.624
     -57.00    52.691
     -56.00    55.309
     -55.00    58.489
     -54.00    62.212
     -53.00    66.431
     -52.00    71.057
     -51.00    75.960
     -50.00    80.969
     -49.00    85.878
     -48.00    90.445
     -47.00    94.376
     -46.00    97.321
     -45.00    98.869
     -44.00    98.636
     -43.00    96.502
     -42.00    92.847
     -41.00    88.513
     -40.00    84.428
     -39.00    80.530
     -38.00    75.150
     -37.00    67.464
     -36.00    59.475
     -35.00    53.805
     -34.00    51.909
     -33.00    54.448
     -32.00    60.966
     -31.00    68.955
     -30.00    74.702
     -29.00    76.060
     -28.00    73.268
     -27.00    65.721
     -26.00    52.651
     -25.00    39.626
     -24.00    32.356
     -23.00    30.738
     -22.00    32.919
     -21.00    37.913
     -20.00    45.376
     -19.00    54.654
     -18.00    63.941
     -17.00    70.283
     -16.00    71.021
     -15.00    65.785
     -14.00    56.990
     -13.00    48.143
     -12.00    41.691
     -11.00    38.294
     -10.00    37.462
      -9.00    38.447
      -8.00    40.739
      -7.00    44.016
      -6.00    47.649
      -5.00    50.110
      -4.00    50.370
      -3.00    50.295
      -2.00    52.375
      -1.00    55.381
       0.00    55.114
       1.00    50.950
       2.00    46.375
       3.00    42.830
       4.00    39.539
       5.00    37.065
       6.00    35.762
       7.00    33.645
       8.00    29.826
       9.00    26.125
      10.00    23.108
      11.00    20.412
      12.00    17.983
      13.00    15.902
      14.00    14.225
      15.00    12.968
      16.00    12.123
      17.00    11.672
      18.00    11.591
      19.00    11.855
      20.00    12.438
      21.00    13.310
      22.00    14.432
      23.00    15.758
      24.00    17.236
      25.00    18.798
      26.00    20.342
      27.00    21.783
      28.00    23.102
      29.00    24.265
      30.00    25.177
      31.00    25.692
      32.00    25.655
      33.00    24.981
      34.00    23.723
      35.00    22.074
      36.00    20.305
      37.00    18.665
      38.00    17.323
      39.00    16.339
      40.00    15.672
      41.00    15.197
      42.00    14.740
      43.00    14.133
      44.00    13.269
      45.00    12.150
      46.00    10.878
      47.00     9.607
      48.00     8.481
      49.00     7.584
      50.00     6.933
      51.00     6.498
      52.00     6.231
      53.00     6.083
      54.00     6.024
      55.00     6.042
      56.00     6.144
      57.00     6.316
      58.00     6.475
      59.00     6.504
      60.00     6.385
      61.00     6.221
      62.00     6.110
      63.00     6.082
      64.00     6.128
      65.00     6.238
      66.00     6.413
      67.00     6.660
      68.00     6.990
      69.00     7.413
      70.00     7.930
      71.00     8.514
      72.00     9.100
      73.00     9.586
      74.00     9.863
      75.00     9.858
      76.00     9.567
      77.00     9.050
      78.00     8.402
      79.00     7.713
      80.00     7.040
      81.00     6.409
      82.00     5.823
      83.00     5.278
      84.00     4.767
      85.00     4.288
      86.00     3.837
      87.00     3.417
      88.00     3.027
      89.00     2.669
      90.00     2.343
      91.00     2.050
      92.00     1.787
      93.00     1.554
      94.00     1.348
      95.00     1.166
      96.00     1.007
      97.00     0.869
      98.00     0.749
      99.00     0.646
     100.00     0.559
     101.00     0.484
     102.00     0.421
     103.00     0.368
     104.00     0.323
     105.00     0.284
     106.00     0.251
     107.00     0.223
     108.00     0.198
     109.00     0.176
     110.00     0.158
     111.00     0.141
     112.00     0.127
     113.00     0.114
     114.00     0.103
     115.00     0.094
     116.00     0.085
     117.00     0.078
     118.00     0.072
     119.00     0.066
     120.00     0.061
     121.00     0.057
     122.00     0.053
     123.00     0.050
     124.00     0.047
     125.00     0.045
     126.00     0.042
     127.00     0.041
     128.00     0.039
     129.00     0.037
     130.00     0.036
     131.00     0.035
     132.00     0.034
     133.00     0.033
     134.00     0.032
     135.00     0.031
     136.00     0.030
     137.00     0.030
     138.00     0.029
     139.00     0.028
     140.00     0.028
     141.00     0.027
     142.00     0.026
     143.00     0.026
     144.00     0.025
     145.00     0.025
     146.00     0.024
     147.00     0.023
     148.00     0.023
     149.00     0.022
     150.00     0.022
     151.00     0.021
     152.00     0.020
     153.00     0.020
     154.00     0.019
     155.00     0.019
     156.00     0.018
     157.00     0.017
     158.00     0.017
     159.00     0.016
     160.00     0.016
     161.00     0.015
     162.00     0.015
     163.00     0.014
     164.00     0.013
     165.00     0.013
     166.00     0.012
     167.00     0.012
     168.00     0.011
     169.00     0.011
     170.00     0.010
     171.00     0.010
     172.00     0.009
     173.00     0.009
     174.00     0.009
     175.00     0.008
     176.00     0.008
     177.00     0.007
     178.00     0.007
     179.00     0.007
     180.00     0.006
     181.00     0.006
     182.00     0.006
     183.00     0.005
     184.00     0.005
     185.00     0.005
     186.00     0.005
     187.00     0.004
     188.00     0.004
     189.00     0.004
     190.00     0.004
     191.00     0.003
     192.00     0.003
     193.00     0.003
     194.00     0.003
     195.00     0.003
     196.00     0.002
     197.00     0.002
     198.00     0.002
     199.00     0.002
     200.00     0.002
     201.00     0.002
     202.00     0.002
     203.00     0.002
     204.00     0.001
     205.00     0.001
     206.00     0.001
     207.00     0.001
     208.00     0.001
     209.00     0.001
     210.00     0.001
     211.00     0.001
     212.00     0.001
     213.00     0.001
     214.00     0.001
     215.00     0.001
     216.00     0.001
     217.00     0.001
     218.00     0.001
     219.00     0.000
     220.00     0.000
     221.00     0.000
     222.00     0.000
     223.00     0.000
     224.00     0.000
     225.00     0.000
     226.00     0.000
     227.00     0.000
     228.00     0.000
     229.00     0.000
     230.00     0.000
     231.00     0.000
     232.00     0.000
     233.00     0.000
     234.00     0.000
     235.00     0.000
     236.00     0.000
     237.00     0.000
     238.00     0.000
     239.00     0.000
     240.00     0.000
     241.00     0.000
     242.00     0.000
     243.00     0.000
     244.00     0.000
     245.00     0.000
     246.00     0.000
     247.00     0.000
     248.00     0.000
     249.00     0.000
     250.00     0.000
     251.00     0.000
     252.00     0.000
     253.00     0.000
     254.00     0.000
     255.00     0.000
     256.00     0.000
     257.00     0.000
     258.00     0.000
     259.00     0.000
     260.00     0.000
     261.00     0.000
     262.00     0.000
     263.00     0.000
     264.00     0.000
     265.00     0.000
     266.00     0.000
     267.00     0.000
     268.00     0.000
     269.00     0.000
     270.00     0.000
     271.00     0.000
     272.00     0.000
     273.00     0.000
     274.00     0.000
     275.00     0.000
     276.00     0.000
     277.00     0.000
     278.00     0.000
     279.00     0.000
     280.00     0.000
     281.00     0.000
     282.00     0.000
     283.00     0.000
     284.00     0.000
     285.00     0.000
     286.00     0.000
     287.00     0.000
     288.00     0.000
     289.00     0.000
     290.00     0.000
     291.00     0.000
     292.00     0.000
     293.00     0.000
     294.00     0.000
     295.00     0.000
     296.00     0.000
     297.00     0.000
     298.00     0.000
     299.00     0.000
     300.00     0.000
     301.00     0.000
     302.00     0.000
     303.00     0.000
     304.00     0.000
     305.00     0.000
     306.00     0.000
     307.00     0.000
     308.00     0.000
     309.00     0.000
     310.00     0.000
     311.00     0.000
     312.00     0.000
     313.00     0.000
     314.00     0.000
     315.00     0.000
     316.00     0.000
     317.00     0.000
     318.00     0.000
     319.00     0.000
     320.00     0.000
     321.00     0.000
     322.00     0.000
     323.00     0.000
     324.00     0.000
     325.00     0.000
     326.00     0.000
     327.00     0.000
     328.00     0.000
     329.00     0.000
     330.00     0.000
     331.00     0.000
     332.00     0.000
     333.00     0.000
     334.00     0.000
     335.00     0.000
     336.00     0.000
     337.00     0.000
     338.00     0.000
     339.00     0.000
     340.00     0.000
     341.00     0.000
     342.00     0.000
     343.00     0.000
     344.00     0.000
     345.00     0.000
     346.00     0.000
     347.00     0.000
     348.00     0.000
     349.00     0.000
     350.00     0.000
     351.00     0.000
     352.00     0.000
     353.00     0.000
     354.00     0.000
     355.00     0.000
     356.00     0.000
     357.00     0.000
     358.00     0.000
     359.00     0.000
     360.00     0.000
     361.00     0.000
     362.00     0.000
     363.00     0.000
     364.00     0.000
     365.00     0.000
     366.00     0.000
     367.00     0.000
     368.00     0.000
     369.00     0.000
     370.00     0.000
     371.00     0.000
     372.00     0.000
     373.00     0.000
     374.00     0.000
     375.00     0.000
     376.00     0.000
     377.00     0.000
     378.00     0.000
     379.00     0.000
     380.00     0.000
     381.00     0.000
     382.00     0.000
     383.00     0.000
     384.00     0.000
     385.00     0.000
     386.00     0.000
     387.00     0.000
     388.00     0.000
     389.00     0.000
     390.00     0.000
     391.00     0.000
     392.00     0.000
     393.00     0.000
     394.00     0.000
     395.00     0.000
     396.00     0.000
     397.00     0.000
     398.00     0.000
     399.00     0.000
     400.00     0.000
%% HI4PI Gaussians - height, velocity, width (sigma) 
%     55.465   -75.073    16.383
%     82.316   -44.117     7.914
%     68.477   -99.882     5.629
%     56.028   -82.151     6.510
%     50.325   -16.713     4.529
%      7.574    31.197    28.031
%     60.980   -28.922     2.790
%     41.912    -4.690     3.929
%     28.619   -93.455     4.735
%     24.360     5.474     5.275
%     15.782    30.956     6.831
%      2.164   -35.413    47.794
%      5.785    75.867     8.271
%     19.430   -16.364     1.981
%      9.683   -44.257     2.963
%     11.110     2.321     1.813
%      8.758  -103.185     1.888
%     13.138    -0.418     1.254
%      9.422   -37.960     1.734
%      6.828   -76.242     2.285
%      4.483    43.510     2.894
%      2.280    74.424     2.820
%      2.423    32.592     2.603
%      5.815   -26.767     0.957
%      4.493     6.659     1.125
%      1.053    58.849     2.335
%      0.244    93.174     4.201
%      0.561   488.346    -0.398
%      0.102   434.793    -2.009
%      0.437   481.088    -0.372
%      0.370   493.365    -0.406
%      0.351   347.820    -0.351
%      0.236   218.816    -0.416
%      0.203  -453.005    -0.408
%% component flagged & excluded if width negative ---
%% Gaussians are derived from GASS                   
