%%    277.000    -1.000    0     0.200  -400.000   400.000
% HI4PI gauss data -------------
%   l, b, RA, DEC, beam interpolated N_HI, N_H2_dark, N_H2_tot  
% 277.000 ;  -1.000 ; 144.916 ; -53.922 ;  0.106E+23 ;  0.398E+21 ;  0.234E+22
% nearest HEALPix pixel: l, b, RA, DEC, N_HI, N_H2_dark, N_H2_tot
% 277.031 ;  -1.007 ; 144.948 ; -53.948 ;  0.106E+23 ;  0.407E+21 ;  0.235E+22
% GASS III survey --------------
% NH - median within 6 arcmin radius  0.101E+23
% NH - mean within specified beam     0.102E+23
% EBHIS survey -----------------
% NH  within specified beam            0.00    
%%EBHIS     0  datapoints: v_lsr [km/s] and T_B [K]
%%GASS    971  datapoints: v_lsr [km/s] and T_B [K]
     399.86     0.028
     399.04     0.031
     398.22     0.062
     397.39     0.008
     396.57    -0.002
     395.74    -0.057
     394.92    -0.014
     394.09     0.143
     393.27     0.033
     392.44     0.078
     391.62    -0.073
     390.80    -0.080
     389.97     0.003
     389.15     0.071
     388.32    -0.152
     387.50     0.040
     386.67     0.041
     385.85     0.036
     385.02    -0.007
     384.20    -0.045
     383.38    -0.091
     382.55     0.053
     381.73    -0.039
     380.90    -0.075
     380.08    -0.059
     379.25    -0.024
     378.43    -0.028
     377.60    -0.093
     376.78    -0.036
     375.96    -0.043
     375.13     0.122
     374.31     0.028
     373.48     0.063
     372.66     0.020
     371.83    -0.094
     371.01    -0.026
     370.18     0.037
     369.36     0.005
     368.53    -0.003
     367.71    -0.008
     366.89    -0.170
     366.06     0.061
     365.24    -0.058
     364.41    -0.059
     363.59    -0.067
     362.76     0.004
     361.94     0.060
     361.11    -0.114
     360.29     0.089
     359.47    -0.070
     358.64     0.037
     357.82    -0.040
     356.99     0.022
     356.17     0.142
     355.34     0.050
     354.52     0.068
     353.69     0.014
     352.87    -0.041
     352.05     0.057
     351.22    -0.097
     350.40     0.021
     349.57    -0.085
     348.75    -0.122
     347.92    -0.070
     347.10    -0.109
     346.27    -0.045
     345.45     0.037
     344.63     0.016
     343.80     0.063
     342.98     0.076
     342.15     0.015
     341.33     0.108
     340.50     0.049
     339.68     0.043
     338.85     0.059
     338.03    -0.094
     337.21     0.063
     336.38     0.046
     335.56     0.043
     334.73    -0.069
     333.91    -0.019
     333.08    -0.046
     332.26    -0.116
     331.43     0.039
     330.61    -0.029
     329.79    -0.067
     328.96     0.075
     328.14     0.140
     327.31     0.096
     326.49     0.049
     325.66    -0.001
     324.84     0.012
     324.01     0.093
     323.19    -0.073
     322.36    -0.025
     321.54     0.034
     320.72     0.059
     319.89    -0.040
     319.07    -0.064
     318.24    -0.095
     317.42    -0.021
     316.59     0.036
     315.77    -0.091
     314.94    -0.066
     314.12     0.111
     313.30     0.131
     312.47     0.079
     311.65     0.051
     310.82     0.010
     310.00    -0.025
     309.17     0.004
     308.35    -0.008
     307.52    -0.019
     306.70     0.072
     305.88     0.046
     305.05    -0.023
     304.23     0.020
     303.40     0.015
     302.58    -0.002
     301.75    -0.038
     300.93    -0.024
     300.10    -0.110
     299.28     0.028
     298.46     0.019
     297.63     0.007
     296.81    -0.002
     295.98    -0.044
     295.16     0.077
     294.33     0.024
     293.51     0.105
     292.68    -0.112
     291.86    -0.029
     291.04    -0.049
     290.21    -0.024
     289.39    -0.015
     288.56     0.046
     287.74     0.050
     286.91    -0.045
     286.09    -0.049
     285.26    -0.032
     284.44    -0.040
     283.62     0.077
     282.79    -0.036
     281.97     0.047
     281.14    -0.021
     280.32     0.004
     279.49    -0.020
     278.67     0.037
     277.84    -0.019
     277.02    -0.067
     276.20    -0.059
     275.37    -0.063
     274.55    -0.039
     273.72     0.029
     272.90     0.061
     272.07     0.003
     271.25    -0.026
     270.42    -0.105
     269.60    -0.030
     268.77    -0.002
     267.95    -0.101
     267.13    -0.010
     266.30    -0.003
     265.48    -0.071
     264.65     0.060
     263.83    -0.000
     263.00     0.065
     262.18     0.065
     261.35     0.063
     260.53     0.064
     259.71    -0.075
     258.88    -0.041
     258.06     0.036
     257.23     0.062
     256.41    -0.054
     255.58     0.056
     254.76     0.077
     253.93    -0.055
     253.11    -0.126
     252.29     0.017
     251.46     0.021
     250.64    -0.012
     249.81    -0.053
     248.99     0.007
     248.16     0.063
     247.34    -0.028
     246.51     0.005
     245.69     0.033
     244.87     0.118
     244.04    -0.008
     243.22    -0.019
     242.39    -0.033
     241.57    -0.029
     240.74     0.005
     239.92    -0.017
     239.09     0.109
     238.27     0.083
     237.45    -0.082
     236.62     0.061
     235.80     0.069
     234.97     0.040
     234.15     0.014
     233.32    -0.044
     232.50     0.118
     231.67     0.016
     230.85    -0.041
     230.03     0.156
     229.20    -0.100
     228.38    -0.013
     227.55     0.059
     226.73    -0.055
     225.90     0.046
     225.08     0.031
     224.25    -0.156
     223.43     0.019
     222.60    -0.014
     221.78    -0.088
     220.96    -0.061
     220.13     0.061
     219.31     0.022
     218.48    -0.036
     217.66     0.049
     216.83     0.008
     216.01     0.059
     215.18     0.020
     214.36     0.041
     213.54    -0.082
     212.71     0.094
     211.89    -0.042
     211.06     0.078
     210.24     0.105
     209.41     0.025
     208.59    -0.032
     207.76    -0.029
     206.94     0.046
     206.12    -0.043
     205.29    -0.066
     204.47     0.050
     203.64    -0.100
     202.82     0.041
     201.99    -0.061
     201.17    -0.042
     200.34    -0.041
     199.52    -0.121
     198.70     0.029
     197.87    -0.014
     197.05    -0.069
     196.22     0.021
     195.40    -0.060
     194.57    -0.006
     193.75    -0.006
     192.92    -0.105
     192.10     0.041
     191.28     0.127
     190.45    -0.105
     189.63     0.076
     188.80     0.120
     187.98    -0.045
     187.15     0.015
     186.33     0.014
     185.50     0.103
     184.68    -0.062
     183.86    -0.035
     183.03     0.044
     182.21     0.053
     181.38    -0.046
     180.56    -0.004
     179.73     0.022
     178.91     0.058
     178.08     0.027
     177.26     0.034
     176.44    -0.041
     175.61    -0.002
     174.79     0.009
     173.96     0.023
     173.14    -0.041
     172.31     0.266
     171.49     0.107
     170.66    -0.010
     169.84     0.050
     169.01     0.062
     168.19     0.121
     167.37     0.124
     166.54     0.133
     165.72     0.136
     164.89     0.370
     164.07     0.258
     163.24     0.290
     162.42     0.195
     161.59     0.356
     160.77     0.387
     159.95     0.405
     159.12     0.487
     158.30     0.407
     157.47     0.538
     156.65     0.619
     155.82     0.577
     155.00     0.578
     154.17     0.919
     153.35     0.931
     152.53     0.915
     151.70     1.252
     150.88     1.142
     150.05     1.405
     149.23     1.456
     148.40     1.629
     147.58     1.740
     146.75     1.912
     145.93     1.962
     145.11     2.058
     144.28     2.161
     143.46     2.398
     142.63     2.670
     141.81     2.663
     140.98     3.019
     140.16     3.058
     139.33     3.295
     138.51     3.712
     137.69     3.826
     136.86     4.298
     136.04     4.578
     135.21     4.850
     134.39     5.411
     133.56     5.738
     132.74     6.284
     131.91     6.908
     131.09     7.466
     130.27     8.283
     129.44     9.488
     128.62    11.181
     127.79    13.240
     126.97    15.008
     126.14    15.823
     125.32    15.250
     124.49    14.160
     123.67    12.625
     122.84    11.541
     122.02    11.108
     121.20    10.913
     120.37    11.134
     119.55    11.958
     118.72    13.403
     117.90    14.135
     117.07    13.965
     116.25    13.913
     115.42    13.134
     114.60    12.518
     113.78    11.569
     112.95     9.928
     112.13     8.763
     111.30     7.642
     110.48     6.950
     109.65     6.147
     108.83     5.840
     108.00     5.415
     107.18     5.020
     106.36     5.046
     105.53     4.904
     104.71     4.700
     103.88     4.870
     103.06     4.950
     102.23     5.171
     101.41     5.418
     100.58     5.540
      99.76     6.033
      98.94     6.473
      98.11     7.181
      97.29     8.180
      96.46     9.299
      95.64    10.787
      94.81    12.672
      93.99    14.816
      93.16    17.414
      92.34    19.984
      91.52    22.942
      90.69    25.601
      89.87    28.012
      89.04    29.719
      88.22    31.455
      87.39    33.682
      86.57    36.631
      85.74    40.481
      84.92    44.668
      84.10    49.708
      83.27    54.552
      82.45    59.826
      81.62    64.482
      80.80    68.974
      79.97    72.367
      79.15    75.394
      78.32    77.054
      77.50    76.662
      76.68    74.791
      75.85    71.618
      75.03    68.464
      74.20    65.622
      73.38    62.703
      72.55    60.529
      71.73    58.785
      70.90    56.874
      70.08    56.014
      69.25    55.551
      68.43    55.309
      67.61    55.635
      66.78    56.550
      65.96    58.260
      65.13    61.739
      64.31    65.805
      63.48    70.770
      62.66    75.505
      61.83    79.228
      61.01    82.446
      60.19    84.455
      59.36    83.691
      58.54    80.196
      57.71    76.742
      56.89    69.738
      56.06    62.205
      55.24    53.282
      54.41    45.885
      53.59    40.698
      52.77    37.140
      51.94    34.054
      51.12    29.909
      50.29    25.327
      49.47    20.694
      48.64    16.242
      47.82    13.318
      46.99    10.477
      46.17     8.737
      45.35     7.356
      44.52     6.413
      43.70     5.659
      42.87     5.133
      42.05     4.765
      41.22     4.298
      40.40     4.042
      39.57     4.035
      38.75     3.965
      37.93     4.099
      37.10     4.234
      36.28     4.348
      35.45     4.533
      34.63     4.809
      33.80     4.960
      32.98     5.331
      32.15     5.235
      31.33     5.395
      30.51     5.573
      29.68     6.066
      28.86     6.501
      28.03     6.938
      27.21     7.551
      26.38     8.055
      25.56     8.610
      24.73     9.320
      23.91    10.183
      23.08    11.228
      22.26    12.528
      21.44    14.227
      20.61    15.620
      19.79    17.247
      18.96    18.018
      18.14    18.572
      17.31    18.689
      16.49    18.648
      15.66    18.999
      14.84    19.007
      14.02    20.196
      13.19    21.768
      12.37    24.883
      11.54    29.500
      10.72    35.876
       9.89    44.447
       9.07    55.674
       8.24    70.616
       7.42    89.373
       6.60   107.308
       5.77   118.310
       4.95   124.097
       4.12   128.888
       3.30   134.463
       2.47   137.346
       1.65   136.289
       0.82   134.324
       0.00   135.271
      -0.82   140.011
      -1.65   146.788
      -2.47   149.189
      -3.30   140.417
      -4.12   127.580
      -4.95   120.884
      -5.77   114.953
      -6.60   106.642
      -7.42    95.249
      -8.24    81.455
      -9.07    68.203
      -9.89    56.764
     -10.72    47.157
     -11.54    38.509
     -12.37    31.744
     -13.19    25.613
     -14.02    21.035
     -14.84    16.613
     -15.66    13.267
     -16.49    10.612
     -17.31     8.678
     -18.14     6.851
     -18.96     5.363
     -19.79     4.456
     -20.61     3.632
     -21.44     3.003
     -22.26     2.283
     -23.08     2.224
     -23.91     1.763
     -24.73     1.510
     -25.56     1.277
     -26.38     1.009
     -27.21     0.911
     -28.03     0.794
     -28.86     0.741
     -29.68     0.690
     -30.51     0.454
     -31.33     0.484
     -32.15     0.430
     -32.98     0.282
     -33.80     0.334
     -34.63     0.409
     -35.45     0.266
     -36.28     0.191
     -37.10     0.224
     -37.93     0.202
     -38.75     0.281
     -39.57     0.266
     -40.40     0.315
     -41.22     0.137
     -42.05     0.068
     -42.87     0.128
     -43.70     0.113
     -44.52     0.208
     -45.35     0.168
     -46.17     0.114
     -46.99     0.157
     -47.82     0.024
     -48.64     0.179
     -49.47     0.235
     -50.29     0.074
     -51.12     0.088
     -51.94     0.146
     -52.77     0.098
     -53.59     0.102
     -54.41     0.139
     -55.24     0.132
     -56.06     0.025
     -56.89    -0.052
     -57.71     0.046
     -58.54     0.105
     -59.36     0.145
     -60.19     0.144
     -61.01    -0.057
     -61.83     0.066
     -62.66     0.024
     -63.48     0.138
     -64.31    -0.013
     -65.13    -0.029
     -65.96    -0.015
     -66.78     0.080
     -67.61    -0.037
     -68.43     0.193
     -69.25     0.049
     -70.08     0.091
     -70.90     0.021
     -71.73    -0.079
     -72.55     0.042
     -73.38     0.047
     -74.20    -0.021
     -75.03    -0.060
     -75.85     0.003
     -76.68    -0.023
     -77.50     0.082
     -78.32    -0.014
     -79.15     0.076
     -79.97    -0.055
     -80.80     0.060
     -81.62     0.062
     -82.45    -0.027
     -83.27    -0.127
     -84.10    -0.038
     -84.92     0.001
     -85.74     0.087
     -86.57     0.063
     -87.39    -0.004
     -88.22     0.006
     -89.04     0.054
     -89.87     0.032
     -90.69    -0.031
     -91.52    -0.009
     -92.34    -0.000
     -93.16    -0.122
     -93.99     0.079
     -94.81    -0.081
     -95.64     0.150
     -96.46    -0.046
     -97.29     0.037
     -98.11     0.034
     -98.94     0.037
     -99.76    -0.028
    -100.58    -0.027
    -101.41    -0.085
    -102.23     0.012
    -103.06    -0.077
    -103.88     0.088
    -104.71     0.028
    -105.53    -0.105
    -106.36    -0.068
    -107.18     0.087
    -108.00     0.011
    -108.83     0.141
    -109.65     0.047
    -110.48    -0.016
    -111.30     0.008
    -112.13    -0.076
    -112.95     0.057
    -113.78     0.001
    -114.60    -0.088
    -115.42    -0.146
    -116.25     0.011
    -117.07    -0.020
    -117.90    -0.055
    -118.72     0.068
    -119.55    -0.204
    -120.37     0.005
    -121.20    -0.148
    -122.02     0.097
    -122.84    -0.031
    -123.67    -0.082
    -124.49    -0.102
    -125.32     0.084
    -126.14    -0.040
    -126.97     0.009
    -127.79    -0.001
    -128.62     0.119
    -129.44     0.026
    -130.27    -0.120
    -131.09     0.022
    -131.91     0.007
    -132.74     0.056
    -133.56     0.035
    -134.39    -0.057
    -135.21     0.121
    -136.04     0.115
    -136.86     0.066
    -137.69    -0.082
    -138.51     0.100
    -139.33     0.027
    -140.16     0.071
    -140.98     0.033
    -141.81     0.084
    -142.63     0.047
    -143.46     0.022
    -144.28     0.067
    -145.11     0.050
    -145.93     0.154
    -146.75     0.039
    -147.58    -0.062
    -148.40     0.063
    -149.23    -0.026
    -150.05     0.021
    -150.88    -0.088
    -151.70    -0.005
    -152.53    -0.086
    -153.35     0.115
    -154.17     0.007
    -155.00     0.018
    -155.82     0.001
    -156.65    -0.059
    -157.47    -0.091
    -158.30    -0.056
    -159.12     0.014
    -159.95     0.060
    -160.77     0.045
    -161.59     0.009
    -162.42     0.085
    -163.24    -0.102
    -164.07    -0.062
    -164.89     0.003
    -165.72    -0.153
    -166.54    -0.015
    -167.37     0.007
    -168.19    -0.047
    -169.01    -0.074
    -169.84     0.116
    -170.66    -0.095
    -171.49     0.072
    -172.31    -0.076
    -173.14     0.105
    -173.96    -0.088
    -174.79     0.033
    -175.61     0.072
    -176.44     0.143
    -177.26     0.022
    -178.08    -0.112
    -178.91    -0.031
    -179.73     0.042
    -180.56     0.024
    -181.38     0.086
    -182.21    -0.020
    -183.03    -0.031
    -183.86    -0.083
    -184.68     0.012
    -185.50     0.041
    -186.33     0.129
    -187.15     0.051
    -187.98    -0.076
    -188.80     0.033
    -189.63     0.028
    -190.45    -0.011
    -191.28    -0.000
    -192.10     0.039
    -192.92    -0.047
    -193.75     0.028
    -194.57    -0.018
    -195.40    -0.010
    -196.22     0.004
    -197.05     0.017
    -197.87     0.026
    -198.70     0.065
    -199.52     0.015
    -200.34    -0.150
    -201.17    -0.035
    -201.99     0.025
    -202.82    -0.030
    -203.64    -0.010
    -204.47    -0.030
    -205.29    -0.005
    -206.12     0.099
    -206.94    -0.096
    -207.76     0.011
    -208.59     0.008
    -209.41     0.034
    -210.24    -0.088
    -211.06     0.007
    -211.89     0.063
    -212.71    -0.000
    -213.54     0.067
    -214.36    -0.114
    -215.18     0.052
    -216.01    -0.017
    -216.83     0.124
    -217.66     0.080
    -218.48     0.078
    -219.31     0.112
    -220.13    -0.007
    -220.96    -0.063
    -221.78    -0.053
    -222.60    -0.018
    -223.43    -0.050
    -224.25    -0.020
    -225.08    -0.097
    -225.90     0.098
    -226.73    -0.022
    -227.55    -0.097
    -228.38    -0.093
    -229.20     0.108
    -230.03     0.036
    -230.85     0.035
    -231.67     0.051
    -232.50    -0.011
    -233.32     0.076
    -234.15    -0.049
    -234.97    -0.005
    -235.80     0.016
    -236.62    -0.067
    -237.45     0.090
    -238.27    -0.039
    -239.09     0.083
    -239.92    -0.068
    -240.74     0.040
    -241.57     0.016
    -242.39    -0.042
    -243.22     0.072
    -244.04     0.031
    -244.87     0.028
    -245.69    -0.034
    -246.51    -0.088
    -247.34     0.037
    -248.16    -0.065
    -248.99     0.032
    -249.81    -0.036
    -250.64     0.054
    -251.46     0.045
    -252.29     0.016
    -253.11     0.003
    -253.93    -0.027
    -254.76     0.004
    -255.58    -0.005
    -256.41    -0.002
    -257.23     0.010
    -258.06     0.011
    -258.88    -0.026
    -259.71     0.073
    -260.53    -0.084
    -261.35    -0.053
    -262.18     0.015
    -263.00    -0.026
    -263.83     0.057
    -264.65     0.012
    -265.48    -0.146
    -266.30    -0.058
    -267.13    -0.085
    -267.95    -0.037
    -268.77    -0.064
    -269.60     0.021
    -270.42    -0.062
    -271.25     0.098
    -272.07    -0.095
    -272.90    -0.029
    -273.72     0.002
    -274.55    -0.050
    -275.37     0.075
    -276.20     0.180
    -277.02    -0.054
    -277.84    -0.109
    -278.67    -0.037
    -279.49    -0.043
    -280.32     0.022
    -281.14    -0.056
    -281.97     0.118
    -282.79    -0.022
    -283.62    -0.001
    -284.44    -0.062
    -285.26    -0.052
    -286.09     0.043
    -286.91    -0.112
    -287.74    -0.037
    -288.56    -0.023
    -289.39     0.075
    -290.21     0.040
    -291.04     0.004
    -291.86    -0.104
    -292.68     0.197
    -293.51    -0.091
    -294.33    -0.093
    -295.16    -0.002
    -295.98     0.060
    -296.81     0.116
    -297.63    -0.071
    -298.46     0.122
    -299.28    -0.011
    -300.10     0.133
    -300.93    -0.049
    -301.75     0.019
    -302.58     0.080
    -303.40    -0.168
    -304.23    -0.058
    -305.05    -0.100
    -305.88    -0.070
    -306.70     0.104
    -307.52     0.058
    -308.35     0.072
    -309.17     0.067
    -310.00     0.094
    -310.82    -0.089
    -311.65    -0.086
    -312.47     0.117
    -313.30     0.088
    -314.12     0.005
    -314.94     0.044
    -315.77    -0.082
    -316.59    -0.046
    -317.42    -0.034
    -318.24    -0.146
    -319.07     0.006
    -319.89    -0.056
    -320.72    -0.129
    -321.54     0.062
    -322.36    -0.034
    -323.19     0.037
    -324.01     0.095
    -324.84    -0.006
    -325.66    -0.010
    -326.49     0.071
    -327.31     0.071
    -328.14     0.033
    -328.96    -0.030
    -329.79     0.024
    -330.61    -0.098
    -331.43     0.129
    -332.26     0.037
    -333.08    -0.041
    -333.91    -0.076
    -334.73     0.029
    -335.56    -0.003
    -336.38     0.051
    -337.21    -0.048
    -338.03     0.062
    -338.85    -0.004
    -339.68     0.031
    -340.50    -0.030
    -341.33     0.063
    -342.15     0.024
    -342.98     0.024
    -343.80     0.084
    -344.63     0.007
    -345.45    -0.006
    -346.27    -0.075
    -347.10     0.018
    -347.92     0.022
    -348.75     0.086
    -349.57     0.067
    -350.40    -0.007
    -351.22    -0.082
    -352.05     0.005
    -352.87    -0.025
    -353.69     0.053
    -354.52    -0.019
    -355.34     0.021
    -356.17     0.035
    -356.99    -0.068
    -357.82     0.055
    -358.64     0.018
    -359.47     0.061
    -360.29     0.037
    -361.11     0.016
    -361.94    -0.012
    -362.76     0.024
    -363.59     0.019
    -364.41    -0.066
    -365.24     0.034
    -366.06    -0.004
    -366.89     0.085
    -367.71     0.043
    -368.53    -0.011
    -369.36    -0.025
    -370.18     0.062
    -371.01     0.021
    -371.83     0.029
    -372.66     0.016
    -373.48     0.052
    -374.31    -0.063
    -375.13     0.054
    -375.96    -0.091
    -376.78     0.019
    -377.60     0.133
    -378.43    -0.015
    -379.25    -0.047
    -380.08     0.024
    -380.90    -0.053
    -381.73     0.013
    -382.55    -0.079
    -383.38    -0.042
    -384.20    -0.039
    -385.02     0.021
    -385.85    -0.014
    -386.67    -0.043
    -387.50    -0.060
    -388.32     0.020
    -389.15     0.033
    -389.97    -0.021
    -390.80    -0.092
    -391.62     0.012
    -392.44     0.050
    -393.27    -0.036
    -394.09     0.054
    -394.92    -0.086
    -395.74     0.016
    -396.57     0.001
    -397.39    -0.024
    -398.22    -0.015
    -399.04    -0.060
    -399.86     0.096
%%gauss   801  datapoints: v_lsr [km/s] and T_B [K]
    -400.00     0.000
    -399.00     0.000
    -398.00     0.000
    -397.00     0.000
    -396.00     0.000
    -395.00     0.000
    -394.00     0.000
    -393.00     0.000
    -392.00     0.000
    -391.00     0.000
    -390.00     0.000
    -389.00     0.000
    -388.00     0.000
    -387.00     0.000
    -386.00     0.000
    -385.00     0.000
    -384.00     0.000
    -383.00     0.000
    -382.00     0.000
    -381.00     0.000
    -380.00     0.000
    -379.00     0.000
    -378.00     0.000
    -377.00     0.000
    -376.00     0.000
    -375.00     0.000
    -374.00     0.000
    -373.00     0.000
    -372.00     0.000
    -371.00     0.000
    -370.00     0.000
    -369.00     0.000
    -368.00     0.000
    -367.00     0.000
    -366.00     0.000
    -365.00     0.000
    -364.00     0.000
    -363.00     0.000
    -362.00     0.000
    -361.00     0.000
    -360.00     0.000
    -359.00     0.000
    -358.00     0.000
    -357.00     0.000
    -356.00     0.000
    -355.00     0.000
    -354.00     0.000
    -353.00     0.000
    -352.00     0.000
    -351.00     0.000
    -350.00     0.000
    -349.00     0.000
    -348.00     0.000
    -347.00     0.000
    -346.00     0.000
    -345.00     0.000
    -344.00     0.000
    -343.00     0.000
    -342.00     0.000
    -341.00     0.000
    -340.00     0.000
    -339.00     0.000
    -338.00     0.000
    -337.00     0.000
    -336.00     0.000
    -335.00     0.000
    -334.00     0.000
    -333.00     0.000
    -332.00     0.000
    -331.00     0.000
    -330.00     0.000
    -329.00     0.000
    -328.00     0.000
    -327.00     0.000
    -326.00     0.000
    -325.00     0.000
    -324.00     0.000
    -323.00     0.000
    -322.00     0.000
    -321.00     0.000
    -320.00     0.000
    -319.00     0.000
    -318.00     0.000
    -317.00     0.000
    -316.00     0.000
    -315.00     0.000
    -314.00     0.000
    -313.00     0.000
    -312.00     0.000
    -311.00     0.000
    -310.00     0.000
    -309.00     0.000
    -308.00     0.000
    -307.00     0.000
    -306.00     0.000
    -305.00     0.000
    -304.00     0.000
    -303.00     0.000
    -302.00     0.000
    -301.00     0.000
    -300.00     0.000
    -299.00     0.000
    -298.00     0.000
    -297.00     0.000
    -296.00     0.000
    -295.00     0.000
    -294.00     0.000
    -293.00     0.000
    -292.00     0.000
    -291.00     0.000
    -290.00     0.000
    -289.00     0.000
    -288.00     0.000
    -287.00     0.000
    -286.00     0.000
    -285.00     0.000
    -284.00     0.000
    -283.00     0.000
    -282.00     0.000
    -281.00     0.000
    -280.00     0.000
    -279.00     0.000
    -278.00     0.000
    -277.00     0.000
    -276.00     0.000
    -275.00     0.000
    -274.00     0.000
    -273.00     0.000
    -272.00     0.000
    -271.00     0.000
    -270.00     0.000
    -269.00     0.000
    -268.00     0.000
    -267.00     0.000
    -266.00     0.000
    -265.00     0.000
    -264.00     0.000
    -263.00     0.000
    -262.00     0.000
    -261.00     0.000
    -260.00     0.000
    -259.00     0.000
    -258.00     0.000
    -257.00     0.000
    -256.00     0.000
    -255.00     0.000
    -254.00     0.000
    -253.00     0.000
    -252.00     0.000
    -251.00     0.000
    -250.00     0.000
    -249.00     0.000
    -248.00     0.000
    -247.00     0.000
    -246.00     0.000
    -245.00     0.000
    -244.00     0.000
    -243.00     0.000
    -242.00     0.000
    -241.00     0.000
    -240.00     0.000
    -239.00     0.000
    -238.00     0.000
    -237.00     0.000
    -236.00     0.000
    -235.00     0.000
    -234.00     0.000
    -233.00     0.000
    -232.00     0.000
    -231.00     0.000
    -230.00     0.000
    -229.00     0.000
    -228.00     0.000
    -227.00     0.000
    -226.00     0.000
    -225.00     0.000
    -224.00     0.000
    -223.00     0.000
    -222.00     0.000
    -221.00     0.000
    -220.00     0.000
    -219.00     0.000
    -218.00     0.000
    -217.00     0.000
    -216.00     0.000
    -215.00     0.000
    -214.00     0.000
    -213.00     0.000
    -212.00     0.000
    -211.00     0.000
    -210.00     0.000
    -209.00     0.000
    -208.00     0.000
    -207.00     0.000
    -206.00     0.000
    -205.00     0.000
    -204.00     0.000
    -203.00     0.000
    -202.00     0.000
    -201.00     0.000
    -200.00     0.000
    -199.00     0.000
    -198.00     0.000
    -197.00     0.000
    -196.00     0.000
    -195.00     0.000
    -194.00     0.000
    -193.00     0.000
    -192.00     0.000
    -191.00     0.000
    -190.00     0.000
    -189.00     0.000
    -188.00     0.000
    -187.00     0.000
    -186.00     0.000
    -185.00     0.000
    -184.00     0.000
    -183.00     0.000
    -182.00     0.000
    -181.00     0.000
    -180.00     0.000
    -179.00     0.000
    -178.00     0.000
    -177.00     0.000
    -176.00     0.000
    -175.00     0.000
    -174.00     0.000
    -173.00     0.000
    -172.00     0.000
    -171.00     0.000
    -170.00     0.000
    -169.00     0.000
    -168.00     0.000
    -167.00     0.000
    -166.00     0.000
    -165.00     0.000
    -164.00     0.000
    -163.00     0.000
    -162.00     0.000
    -161.00     0.000
    -160.00     0.000
    -159.00     0.000
    -158.00     0.000
    -157.00     0.000
    -156.00     0.000
    -155.00     0.000
    -154.00     0.000
    -153.00     0.000
    -152.00     0.000
    -151.00     0.000
    -150.00     0.000
    -149.00     0.000
    -148.00     0.000
    -147.00     0.000
    -146.00     0.000
    -145.00     0.000
    -144.00     0.000
    -143.00     0.000
    -142.00     0.000
    -141.00     0.000
    -140.00     0.000
    -139.00     0.000
    -138.00     0.000
    -137.00     0.000
    -136.00     0.000
    -135.00     0.000
    -134.00     0.000
    -133.00     0.000
    -132.00     0.000
    -131.00     0.000
    -130.00     0.000
    -129.00     0.000
    -128.00     0.000
    -127.00     0.000
    -126.00     0.000
    -125.00     0.000
    -124.00     0.000
    -123.00     0.000
    -122.00     0.000
    -121.00     0.000
    -120.00     0.000
    -119.00     0.000
    -118.00     0.000
    -117.00     0.000
    -116.00     0.000
    -115.00     0.000
    -114.00     0.000
    -113.00     0.000
    -112.00     0.000
    -111.00     0.000
    -110.00     0.000
    -109.00     0.000
    -108.00     0.001
    -107.00     0.001
    -106.00     0.001
    -105.00     0.001
    -104.00     0.001
    -103.00     0.001
    -102.00     0.001
    -101.00     0.001
    -100.00     0.001
     -99.00     0.001
     -98.00     0.001
     -97.00     0.002
     -96.00     0.002
     -95.00     0.002
     -94.00     0.002
     -93.00     0.003
     -92.00     0.003
     -91.00     0.003
     -90.00     0.003
     -89.00     0.004
     -88.00     0.004
     -87.00     0.005
     -86.00     0.005
     -85.00     0.006
     -84.00     0.006
     -83.00     0.007
     -82.00     0.007
     -81.00     0.008
     -80.00     0.009
     -79.00     0.010
     -78.00     0.011
     -77.00     0.012
     -76.00     0.013
     -75.00     0.015
     -74.00     0.016
     -73.00     0.018
     -72.00     0.019
     -71.00     0.021
     -70.00     0.023
     -69.00     0.025
     -68.00     0.027
     -67.00     0.030
     -66.00     0.033
     -65.00     0.036
     -64.00     0.039
     -63.00     0.042
     -62.00     0.046
     -61.00     0.049
     -60.00     0.053
     -59.00     0.058
     -58.00     0.062
     -57.00     0.067
     -56.00     0.072
     -55.00     0.078
     -54.00     0.083
     -53.00     0.089
     -52.00     0.095
     -51.00     0.102
     -50.00     0.109
     -49.00     0.116
     -48.00     0.123
     -47.00     0.131
     -46.00     0.139
     -45.00     0.148
     -44.00     0.157
     -43.00     0.167
     -42.00     0.178
     -41.00     0.189
     -40.00     0.203
     -39.00     0.217
     -38.00     0.235
     -37.00     0.255
     -36.00     0.279
     -35.00     0.308
     -34.00     0.343
     -33.00     0.386
     -32.00     0.440
     -31.00     0.506
     -30.00     0.589
     -29.00     0.693
     -28.00     0.822
     -27.00     0.984
     -26.00     1.188
     -25.00     1.445
     -24.00     1.770
     -23.00     2.187
     -22.00     2.725
     -21.00     3.429
     -20.00     4.359
     -19.00     5.602
     -18.00     7.275
     -17.00     9.529
     -16.00    12.538
     -15.00    16.490
     -14.00    21.555
     -13.00    27.873
     -12.00    35.592
     -11.00    44.987
     -10.00    56.572
      -9.00    70.828
      -8.00    87.072
      -7.00   102.368
      -6.00   113.197
      -5.00   120.187
      -4.00   129.983
      -3.00   143.909
      -2.00   148.041
      -1.00   139.948
       0.00   134.512
       1.00   135.249
       2.00   136.585
       3.00   134.798
       4.00   129.512
       5.00   122.988
       6.00   114.223
       7.00    96.436
       8.00    73.446
       9.00    54.938
      10.00    41.888
      11.00    32.534
      12.00    26.119
      13.00    22.117
      14.00    19.952
      15.00    19.046
      16.00    18.853
      17.00    18.871
      18.00    18.668
      19.00    17.950
      20.00    16.642
      21.00    14.897
      22.00    13.021
      23.00    11.326
      24.00     9.991
      25.00     9.011
      26.00     8.257
      27.00     7.593
      28.00     6.966
      29.00     6.401
      30.00     5.937
      31.00     5.579
      32.00     5.295
      33.00     5.040
      34.00     4.785
      35.00     4.526
      36.00     4.280
      37.00     4.076
      38.00     3.945
      39.00     3.916
      40.00     4.010
      41.00     4.246
      42.00     4.640
      43.00     5.212
      44.00     6.001
      45.00     7.089
      46.00     8.655
      47.00    11.027
      48.00    14.602
      49.00    19.479
      50.00    25.065
      51.00    30.330
      52.00    34.850
      53.00    39.379
      54.00    45.156
      55.00    52.762
      56.00    61.654
      57.00    70.466
      58.00    77.719
      59.00    82.350
      60.00    83.833
      61.00    82.211
      62.00    78.120
      63.00    72.638
      64.00    66.962
      65.00    62.080
      66.00    58.570
      67.00    56.512
      68.00    55.579
      69.00    55.404
      70.00    55.873
      71.00    57.015
      72.00    58.841
      73.00    61.334
      74.00    64.452
      75.00    68.027
      76.00    71.633
      77.00    74.547
      78.00    75.903
      79.00    75.063
      80.00    71.970
      81.00    67.178
      82.00    61.446
      83.00    55.340
      84.00    49.293
      85.00    43.791
      86.00    39.230
      87.00    35.693
      88.00    32.941
      89.00    30.545
      90.00    28.061
      91.00    25.194
      92.00    21.923
      93.00    18.495
      94.00    15.266
      95.00    12.510
      96.00    10.327
      97.00     8.678
      98.00     7.461
      99.00     6.570
     100.00     5.921
     101.00     5.456
     102.00     5.135
     103.00     4.933
     104.00     4.834
     105.00     4.829
     106.00     4.917
     107.00     5.108
     108.00     5.418
     109.00     5.865
     110.00     6.490
     111.00     7.387
     112.00     8.676
     113.00    10.321
     114.00    11.917
     115.00    12.999
     116.00    13.659
     117.00    14.093
     118.00    13.815
     119.00    12.560
     120.00    11.366
     121.00    10.938
     122.00    11.152
     123.00    11.939
     124.00    13.334
     125.00    14.899
     126.00    15.548
     127.00    14.501
     128.00    12.260
     129.00    10.014
     130.00     8.413
     131.00     7.370
     132.00     6.606
     133.00     5.962
     134.00     5.393
     135.00     4.890
     136.00     4.449
     137.00     4.061
     138.00     3.718
     139.00     3.411
     140.00     3.135
     141.00     2.885
     142.00     2.655
     143.00     2.444
     144.00     2.248
     145.00     2.064
     146.00     1.892
     147.00     1.728
     148.00     1.571
     149.00     1.418
     150.00     1.270
     151.00     1.131
     152.00     1.003
     153.00     0.886
     154.00     0.781
     155.00     0.687
     156.00     0.601
     157.00     0.524
     158.00     0.454
     159.00     0.392
     160.00     0.338
     161.00     0.290
     162.00     0.247
     163.00     0.211
     164.00     0.179
     165.00     0.151
     166.00     0.127
     167.00     0.107
     168.00     0.090
     169.00     0.075
     170.00     0.063
     171.00     0.053
     172.00     0.044
     173.00     0.036
     174.00     0.030
     175.00     0.025
     176.00     0.021
     177.00     0.017
     178.00     0.014
     179.00     0.012
     180.00     0.010
     181.00     0.008
     182.00     0.007
     183.00     0.006
     184.00     0.005
     185.00     0.004
     186.00     0.004
     187.00     0.003
     188.00     0.003
     189.00     0.002
     190.00     0.002
     191.00     0.002
     192.00     0.001
     193.00     0.001
     194.00     0.001
     195.00     0.001
     196.00     0.001
     197.00     0.001
     198.00     0.001
     199.00     0.001
     200.00     0.001
     201.00     0.001
     202.00     0.000
     203.00     0.000
     204.00     0.000
     205.00     0.000
     206.00     0.000
     207.00     0.000
     208.00     0.000
     209.00     0.000
     210.00     0.000
     211.00     0.000
     212.00     0.000
     213.00     0.000
     214.00     0.000
     215.00     0.000
     216.00     0.000
     217.00     0.000
     218.00     0.000
     219.00     0.000
     220.00     0.000
     221.00     0.000
     222.00     0.000
     223.00     0.000
     224.00     0.000
     225.00     0.000
     226.00     0.000
     227.00     0.000
     228.00     0.000
     229.00     0.000
     230.00     0.000
     231.00     0.000
     232.00     0.000
     233.00     0.000
     234.00     0.000
     235.00     0.000
     236.00     0.000
     237.00     0.000
     238.00     0.000
     239.00     0.000
     240.00     0.000
     241.00     0.000
     242.00     0.000
     243.00     0.000
     244.00     0.000
     245.00     0.000
     246.00     0.000
     247.00     0.000
     248.00     0.000
     249.00     0.000
     250.00     0.000
     251.00     0.000
     252.00     0.000
     253.00     0.000
     254.00     0.000
     255.00     0.000
     256.00     0.000
     257.00     0.000
     258.00     0.000
     259.00     0.000
     260.00     0.000
     261.00     0.000
     262.00     0.000
     263.00     0.000
     264.00     0.000
     265.00     0.000
     266.00     0.000
     267.00     0.000
     268.00     0.000
     269.00     0.000
     270.00     0.000
     271.00     0.000
     272.00     0.000
     273.00     0.000
     274.00     0.000
     275.00     0.000
     276.00     0.000
     277.00     0.000
     278.00     0.000
     279.00     0.000
     280.00     0.000
     281.00     0.000
     282.00     0.000
     283.00     0.000
     284.00     0.000
     285.00     0.000
     286.00     0.000
     287.00     0.000
     288.00     0.000
     289.00     0.000
     290.00     0.000
     291.00     0.000
     292.00     0.000
     293.00     0.000
     294.00     0.000
     295.00     0.000
     296.00     0.000
     297.00     0.000
     298.00     0.000
     299.00     0.000
     300.00     0.000
     301.00     0.000
     302.00     0.000
     303.00     0.000
     304.00     0.000
     305.00     0.000
     306.00     0.000
     307.00     0.000
     308.00     0.000
     309.00     0.000
     310.00     0.000
     311.00     0.000
     312.00     0.000
     313.00     0.000
     314.00     0.000
     315.00     0.000
     316.00     0.000
     317.00     0.000
     318.00     0.000
     319.00     0.000
     320.00     0.000
     321.00     0.000
     322.00     0.000
     323.00     0.000
     324.00     0.000
     325.00     0.000
     326.00     0.000
     327.00     0.000
     328.00     0.000
     329.00     0.000
     330.00     0.000
     331.00     0.000
     332.00     0.000
     333.00     0.000
     334.00     0.000
     335.00     0.000
     336.00     0.000
     337.00     0.000
     338.00     0.000
     339.00     0.000
     340.00     0.000
     341.00     0.000
     342.00     0.000
     343.00     0.000
     344.00     0.000
     345.00     0.000
     346.00     0.000
     347.00     0.000
     348.00     0.000
     349.00     0.000
     350.00     0.000
     351.00     0.000
     352.00     0.000
     353.00     0.000
     354.00     0.000
     355.00     0.000
     356.00     0.000
     357.00     0.000
     358.00     0.000
     359.00     0.000
     360.00     0.000
     361.00     0.000
     362.00     0.000
     363.00     0.000
     364.00     0.000
     365.00     0.000
     366.00     0.000
     367.00     0.000
     368.00     0.000
     369.00     0.000
     370.00     0.000
     371.00     0.000
     372.00     0.000
     373.00     0.000
     374.00     0.000
     375.00     0.000
     376.00     0.000
     377.00     0.000
     378.00     0.000
     379.00     0.000
     380.00     0.000
     381.00     0.000
     382.00     0.000
     383.00     0.000
     384.00     0.000
     385.00     0.000
     386.00     0.000
     387.00     0.000
     388.00     0.000
     389.00     0.000
     390.00     0.000
     391.00     0.000
     392.00     0.000
     393.00     0.000
     394.00     0.000
     395.00     0.000
     396.00     0.000
     397.00     0.000
     398.00     0.000
     399.00     0.000
     400.00     0.000
%% HI4PI Gaussians - height, velocity, width (sigma) 
%     53.256    70.009    12.518
%    110.693     2.831     4.192
%     24.805     0.906    10.502
%     50.717    -6.542     4.598
%     49.435    59.003     3.751
%     37.897    78.915     4.130
%      6.272   120.793    16.563
%     35.157    -5.856     2.188
%     12.614    18.347     3.818
%     36.268    -2.378     1.321
%     11.435    89.012     3.693
%      5.139   124.372     5.646
%      5.195    31.227     5.434
%      5.930   115.466     2.699
%      8.084    50.718     1.816
%     13.480     6.365     1.075
%      0.373    -9.030    28.117
%      5.849   126.211     1.664
%      2.499    26.027     2.423
%      1.987   118.026     1.137
%      0.567   109.975     1.767
%      0.137   148.193    -1.690
%      0.102   437.993    -1.835
%      0.180  -467.533    -0.843
%      0.342   171.998    -0.344
%      0.193  -145.814    -0.429
%      0.173  -313.019    -0.426
%% component flagged & excluded if width negative ---
%% Gaussians are derived from GASS                   
