%%    311.000     0.000    0     0.200  -400.000   400.000
% HI4PI gauss data -------------
%   l, b, RA, DEC, beam interpolated N_HI, N_H2_dark, N_H2_tot  
% 311.000 ;   0.000 ; 210.128 ; -61.785 ;  0.182E+23 ;  0.643E+21 ;  0.232E+23
% nearest HEALPix pixel: l, b, RA, DEC, N_HI, N_H2_dark, N_H2_tot
% 311.001 ;   0.000 ; 210.130 ; -61.785 ;  0.183E+23 ;  0.743E+21 ;  0.233E+23
% GASS III survey --------------
% NH - median within 6 arcmin radius  0.174E+23
% NH - mean within specified beam     0.176E+23
% EBHIS survey -----------------
% NH  within specified beam            0.00    
%%EBHIS     0  datapoints: v_lsr [km/s] and T_B [K]
%%GASS    971  datapoints: v_lsr [km/s] and T_B [K]
     399.85     0.116
     399.03    -0.155
     398.20    -0.002
     397.38     0.063
     396.55    -0.037
     395.73     0.168
     394.90    -0.110
     394.08     0.090
     393.25    -0.061
     392.43     0.062
     391.61     0.134
     390.78     0.172
     389.96     0.092
     389.13     0.104
     388.31    -0.009
     387.48    -0.071
     386.66     0.089
     385.83    -0.124
     385.01     0.035
     384.19    -0.012
     383.36     0.115
     382.54    -0.061
     381.71    -0.001
     380.89    -0.127
     380.06     0.089
     379.24    -0.135
     378.41    -0.022
     377.59    -0.072
     376.77    -0.129
     375.94    -0.069
     375.12    -0.101
     374.29     0.012
     373.47    -0.014
     372.64     0.059
     371.82    -0.180
     370.99    -0.161
     370.17     0.178
     369.35     0.149
     368.52     0.116
     367.70    -0.159
     366.87     0.069
     366.05    -0.045
     365.22    -0.174
     364.40    -0.166
     363.57     0.183
     362.75    -0.026
     361.93     0.107
     361.10    -0.010
     360.28    -0.092
     359.45    -0.020
     358.63    -0.081
     357.80     0.094
     356.98     0.170
     356.15     0.063
     355.33     0.148
     354.51     0.005
     353.68     0.147
     352.86     0.041
     352.03     0.019
     351.21    -0.087
     350.38     0.016
     349.56    -0.171
     348.73    -0.031
     347.91     0.086
     347.09    -0.162
     346.26    -0.077
     345.44     0.044
     344.61     0.070
     343.79     0.093
     342.96    -0.066
     342.14    -0.100
     341.32    -0.100
     340.49    -0.032
     339.67     0.003
     338.84    -0.009
     338.02     0.051
     337.19    -0.067
     336.37    -0.010
     335.54    -0.118
     334.72     0.010
     333.90    -0.240
     333.07    -0.014
     332.25     0.009
     331.42    -0.150
     330.60     0.038
     329.77    -0.034
     328.95    -0.113
     328.12    -0.054
     327.30     0.035
     326.48    -0.058
     325.65    -0.241
     324.83    -0.116
     324.00     0.116
     323.18     0.021
     322.35     0.080
     321.53     0.068
     320.70     0.062
     319.88    -0.042
     319.06     0.056
     318.23     0.052
     317.41     0.065
     316.58     0.089
     315.76    -0.021
     314.93     0.022
     314.11    -0.009
     313.28     0.023
     312.46    -0.113
     311.64     0.149
     310.81     0.081
     309.99     0.053
     309.16     0.076
     308.34     0.022
     307.51     0.007
     306.69    -0.042
     305.86     0.006
     305.04    -0.037
     304.22     0.032
     303.39     0.055
     302.57    -0.183
     301.74     0.135
     300.92     0.097
     300.09     0.068
     299.27     0.110
     298.44    -0.033
     297.62     0.111
     296.80    -0.057
     295.97     0.087
     295.15    -0.165
     294.32     0.005
     293.50     0.069
     292.67     0.019
     291.85     0.071
     291.02     0.032
     290.20    -0.177
     289.38    -0.239
     288.55    -0.010
     287.73     0.014
     286.90    -0.054
     286.08    -0.061
     285.25     0.061
     284.43     0.033
     283.60     0.049
     282.78     0.126
     281.96    -0.013
     281.13    -0.031
     280.31    -0.021
     279.48    -0.066
     278.66    -0.049
     277.83     0.112
     277.01     0.118
     276.18     0.040
     275.36     0.026
     274.54     0.016
     273.71     0.109
     272.89     0.100
     272.06    -0.001
     271.24     0.040
     270.41    -0.075
     269.59    -0.018
     268.76     0.148
     267.94    -0.036
     267.12     0.051
     266.29     0.027
     265.47     0.182
     264.64     0.003
     263.82    -0.017
     262.99    -0.008
     262.17     0.071
     261.35    -0.073
     260.52    -0.041
     259.70     0.051
     258.87    -0.079
     258.05     0.077
     257.22    -0.145
     256.40     0.271
     255.57     0.062
     254.75     0.180
     253.93    -0.020
     253.10     0.003
     252.28    -0.186
     251.45     0.064
     250.63     0.096
     249.80     0.093
     248.98    -0.023
     248.15     0.099
     247.33     0.052
     246.51    -0.079
     245.68     0.036
     244.86     0.002
     244.03    -0.054
     243.21    -0.071
     242.38     0.018
     241.56    -0.147
     240.73     0.072
     239.91    -0.005
     239.09     0.032
     238.26    -0.179
     237.44    -0.162
     236.61     0.087
     235.79    -0.064
     234.96    -0.153
     234.14     0.319
     233.31    -0.054
     232.49    -0.007
     231.67     0.023
     230.84    -0.132
     230.02     0.097
     229.19     0.125
     228.37    -0.039
     227.54     0.012
     226.72    -0.039
     225.89     0.047
     225.07     0.035
     224.25     0.027
     223.42     0.034
     222.60     0.017
     221.77    -0.024
     220.95    -0.183
     220.12    -0.105
     219.30    -0.191
     218.47     0.192
     217.65    -0.009
     216.83     0.004
     216.00     0.064
     215.18    -0.138
     214.35    -0.029
     213.53    -0.188
     212.70     0.008
     211.88     0.046
     211.05    -0.003
     210.23     0.018
     209.41     0.007
     208.58     0.138
     207.76     0.051
     206.93     0.114
     206.11     0.078
     205.28     0.068
     204.46    -0.051
     203.63     0.112
     202.81     0.145
     201.99    -0.031
     201.16     0.036
     200.34     0.119
     199.51    -0.006
     198.69    -0.021
     197.86    -0.212
     197.04     0.023
     196.21     0.065
     195.39    -0.031
     194.57    -0.108
     193.74     0.033
     192.92     0.170
     192.09     0.069
     191.27     0.082
     190.44     0.057
     189.62     0.181
     188.80     0.135
     187.97     0.275
     187.15     0.233
     186.32     0.103
     185.50     0.103
     184.67     0.248
     183.85     0.084
     183.02     0.159
     182.20     0.257
     181.38     0.096
     180.55     0.050
     179.73     0.137
     178.90     0.271
     178.08     0.083
     177.25     0.226
     176.43     0.160
     175.60     0.255
     174.78     0.117
     173.96     0.103
     173.13     0.118
     172.31     0.036
     171.48     0.084
     170.66     0.106
     169.83     0.183
     169.01     0.142
     168.18    -0.059
     167.36     0.024
     166.54     0.207
     165.71     0.017
     164.89     0.202
     164.06    -0.016
     163.24    -0.073
     162.41     0.065
     161.59     0.019
     160.76    -0.048
     159.94    -0.030
     159.12    -0.119
     158.29     0.007
     157.47    -0.112
     156.64     0.000
     155.82     0.037
     154.99     0.076
     154.17    -0.030
     153.34    -0.125
     152.52    -0.059
     151.70    -0.048
     150.87    -0.006
     150.05    -0.241
     149.22    -0.010
     148.40    -0.177
     147.57     0.076
     146.75     0.127
     145.92    -0.005
     145.10    -0.022
     144.28    -0.031
     143.45    -0.010
     142.63     0.059
     141.80     0.028
     140.98    -0.076
     140.15    -0.024
     139.33     0.018
     138.50     0.052
     137.68    -0.100
     136.86    -0.074
     136.03    -0.027
     135.21    -0.116
     134.38    -0.115
     133.56     0.038
     132.73     0.031
     131.91     0.044
     131.08     0.110
     130.26     0.038
     129.44     0.126
     128.61     0.271
     127.79     0.103
     126.96     0.211
     126.14     0.302
     125.31     0.377
     124.49     0.339
     123.66     0.430
     122.84     0.509
     122.02     0.517
     121.19     0.609
     120.37     0.484
     119.54     0.780
     118.72     0.653
     117.89     0.831
     117.07     1.176
     116.24     1.038
     115.42     1.347
     114.60     1.327
     113.77     1.503
     112.95     1.568
     112.12     1.660
     111.30     1.850
     110.47     2.231
     109.65     2.230
     108.83     2.727
     108.00     2.691
     107.18     2.987
     106.35     3.370
     105.53     3.687
     104.70     4.045
     103.88     4.408
     103.05     5.001
     102.23     5.546
     101.41     6.188
     100.58     6.738
      99.76     7.800
      98.93     9.030
      98.11    10.898
      97.28    13.269
      96.46    16.463
      95.63    19.921
      94.81    23.865
      93.99    25.842
      93.16    25.211
      92.34    22.438
      91.51    18.972
      90.69    16.385
      89.86    14.944
      89.04    13.658
      88.21    13.500
      87.39    13.146
      86.57    13.505
      85.74    13.522
      84.92    13.814
      84.09    14.311
      83.27    15.004
      82.44    15.623
      81.62    15.782
      80.79    15.576
      79.97    15.638
      79.15    15.935
      78.32    15.680
      77.50    15.724
      76.67    15.064
      75.85    14.425
      75.02    13.074
      74.20    11.737
      73.37    10.188
      72.55     8.875
      71.73     7.625
      70.90     6.764
      70.08     5.938
      69.25     5.161
      68.43     4.917
      67.60     4.641
      66.78     4.507
      65.95     4.787
      65.13     4.823
      64.31     5.317
      63.48     5.808
      62.66     6.839
      61.83     7.640
      61.01     9.099
      60.18    11.063
      59.36    13.558
      58.53    16.178
      57.71    20.070
      56.89    24.484
      56.06    29.858
      55.24    36.449
      54.41    44.014
      53.59    52.001
      52.76    59.127
      51.94    64.632
      51.11    67.782
      50.29    69.622
      49.47    69.751
      48.64    69.876
      47.82    68.933
      46.99    67.990
      46.17    67.097
      45.34    66.901
      44.52    66.579
      43.69    67.548
      42.87    69.325
      42.05    71.286
      41.22    74.188
      40.40    77.247
      39.57    79.152
      38.75    80.113
      37.92    80.702
      37.10    79.331
      36.28    78.691
      35.45    76.164
      34.63    73.242
      33.80    70.464
      32.98    68.059
      32.15    66.324
      31.33    64.745
      30.50    63.569
      29.68    63.625
      28.86    64.667
      28.03    66.984
      27.21    69.494
      26.38    71.792
      25.56    73.571
      24.73    75.282
      23.91    75.905
      23.08    75.598
      22.26    74.476
      21.44    71.346
      20.61    68.763
      19.79    65.420
      18.96    62.757
      18.14    61.167
      17.31    59.108
      16.49    57.963
      15.66    56.807
      14.84    55.706
      14.02    53.281
      13.19    51.296
      12.37    49.243
      11.54    47.703
      10.72    45.706
       9.89    44.013
       9.07    42.813
       8.24    42.345
       7.42    42.584
       6.60    43.882
       5.77    46.210
       4.95    49.163
       4.12    50.339
       3.30    51.022
       2.47    54.895
       1.65    59.820
       0.82    63.201
       0.00    64.949
      -0.82    66.531
      -1.65    68.260
      -2.47    67.754
      -3.30    64.554
      -4.12    58.434
      -4.95    53.732
      -5.77    51.822
      -6.60    49.807
      -7.42    47.218
      -8.24    45.542
      -9.07    45.416
      -9.89    46.042
     -10.72    46.653
     -11.54    47.748
     -12.37    49.440
     -13.19    51.756
     -14.02    55.264
     -14.84    59.330
     -15.66    64.199
     -16.49    69.927
     -17.31    76.645
     -18.14    82.768
     -18.96    87.814
     -19.79    93.373
     -20.61    97.783
     -21.44   100.553
     -22.26   100.460
     -23.08   102.355
     -23.91   105.391
     -24.73   106.739
     -25.56   104.457
     -26.38   102.819
     -27.21   102.284
     -28.03   102.130
     -28.86   102.477
     -29.68    99.545
     -30.50    93.932
     -31.33    89.413
     -32.15    88.663
     -32.98    90.311
     -33.80    95.251
     -34.63   100.684
     -35.45   104.817
     -36.28   107.950
     -37.10   110.403
     -37.92   111.736
     -38.75   111.419
     -39.57   114.020
     -40.40   116.011
     -41.22   120.972
     -42.05   123.243
     -42.87   124.039
     -43.69   121.681
     -44.52   116.553
     -45.34   111.478
     -46.17   108.152
     -46.99   104.968
     -47.82   101.549
     -48.64    98.648
     -49.47    93.576
     -50.29    88.710
     -51.11    85.564
     -51.94    84.663
     -52.76    86.100
     -53.59    87.576
     -54.41    91.019
     -55.24    93.649
     -56.06    95.874
     -56.89    97.157
     -57.71    98.991
     -58.53    99.579
     -59.36    98.305
     -60.18    94.319
     -61.01    86.422
     -61.83    77.262
     -62.66    67.995
     -63.48    59.238
     -64.31    50.810
     -65.13    44.149
     -65.95    37.601
     -66.78    32.542
     -67.60    28.007
     -68.43    23.819
     -69.25    20.057
     -70.08    17.126
     -70.90    14.063
     -71.73    11.965
     -72.55     9.946
     -73.37     8.505
     -74.20     7.217
     -75.02     6.188
     -75.85     5.270
     -76.67     4.646
     -77.50     4.194
     -78.32     3.736
     -79.15     3.120
     -79.97     2.797
     -80.79     2.660
     -81.62     2.358
     -82.44     2.176
     -83.27     1.911
     -84.09     1.834
     -84.92     1.575
     -85.74     1.478
     -86.57     1.358
     -87.39     1.145
     -88.21     1.184
     -89.04     1.349
     -89.86     1.111
     -90.69     0.965
     -91.51     0.698
     -92.34     0.677
     -93.16     0.976
     -93.99     0.663
     -94.81     0.636
     -95.63     0.694
     -96.46     0.746
     -97.28     0.632
     -98.11     0.467
     -98.93     0.513
     -99.76     0.533
    -100.58     0.464
    -101.41     0.481
    -102.23     0.448
    -103.05     0.179
    -103.88     0.228
    -104.70     0.214
    -105.53     0.186
    -106.35     0.353
    -107.18     0.174
    -108.00     0.194
    -108.83     0.224
    -109.65     0.056
    -110.47     0.123
    -111.30     0.134
    -112.12     0.143
    -112.95     0.337
    -113.77     0.177
    -114.60     0.148
    -115.42    -0.007
    -116.24     0.182
    -117.07     0.015
    -117.89    -0.001
    -118.72     0.067
    -119.54    -0.068
    -120.37     0.114
    -121.19     0.129
    -122.02     0.201
    -122.84     0.120
    -123.66     0.061
    -124.49    -0.015
    -125.31     0.112
    -126.14    -0.017
    -126.96    -0.101
    -127.79     0.084
    -128.61    -0.005
    -129.44    -0.145
    -130.26     0.204
    -131.08    -0.045
    -131.91    -0.004
    -132.73     0.139
    -133.56     0.086
    -134.38    -0.112
    -135.21    -0.109
    -136.03    -0.222
    -136.86     0.043
    -137.68    -0.014
    -138.50    -0.142
    -139.33     0.039
    -140.15    -0.020
    -140.98     0.074
    -141.80    -0.090
    -142.63     0.005
    -143.45    -0.029
    -144.28     0.133
    -145.10    -0.069
    -145.92     0.134
    -146.75    -0.054
    -147.57    -0.029
    -148.40    -0.251
    -149.22    -0.045
    -150.05     0.069
    -150.87     0.043
    -151.70     0.288
    -152.52    -0.051
    -153.34    -0.005
    -154.17     0.149
    -154.99     0.025
    -155.82    -0.001
    -156.64     0.070
    -157.47     0.090
    -158.29     0.011
    -159.12     0.006
    -159.94    -0.029
    -160.76    -0.023
    -161.59    -0.108
    -162.41     0.153
    -163.24     0.068
    -164.06    -0.056
    -164.89    -0.041
    -165.71     0.038
    -166.54    -0.047
    -167.36    -0.027
    -168.18     0.018
    -169.01    -0.034
    -169.83     0.018
    -170.66     0.085
    -171.48     0.080
    -172.31    -0.098
    -173.13    -0.196
    -173.96     0.180
    -174.78    -0.008
    -175.60     0.069
    -176.43     0.104
    -177.25     0.044
    -178.08     0.009
    -178.90    -0.066
    -179.73    -0.047
    -180.55     0.164
    -181.38    -0.135
    -182.20    -0.051
    -183.02     0.011
    -183.85     0.044
    -184.67    -0.067
    -185.50    -0.163
    -186.32    -0.032
    -187.15     0.010
    -187.97    -0.001
    -188.79     0.103
    -189.62    -0.053
    -190.44    -0.082
    -191.27     0.044
    -192.09     0.064
    -192.92    -0.013
    -193.74    -0.101
    -194.57    -0.035
    -195.39    -0.003
    -196.21     0.031
    -197.04     0.023
    -197.86    -0.071
    -198.69     0.150
    -199.51     0.049
    -200.34     0.079
    -201.16     0.010
    -201.99    -0.122
    -202.81    -0.084
    -203.63    -0.059
    -204.46     0.167
    -205.28    -0.086
    -206.11    -0.247
    -206.93     0.058
    -207.76    -0.006
    -208.58     0.067
    -209.41     0.016
    -210.23    -0.088
    -211.05     0.136
    -211.88    -0.071
    -212.70     0.102
    -213.53     0.075
    -214.35    -0.038
    -215.18     0.076
    -216.00    -0.116
    -216.83     0.050
    -217.65    -0.025
    -218.47     0.021
    -219.30     0.033
    -220.12    -0.098
    -220.95     0.135
    -221.77     0.094
    -222.60    -0.090
    -223.42    -0.070
    -224.25     0.018
    -225.07    -0.030
    -225.89    -0.024
    -226.72     0.087
    -227.54     0.062
    -228.37     0.011
    -229.19     0.006
    -230.02     0.143
    -230.84    -0.086
    -231.67    -0.162
    -232.49    -0.117
    -233.31    -0.062
    -234.14     0.038
    -234.96    -0.033
    -235.79     0.089
    -236.61    -0.008
    -237.44     0.063
    -238.26    -0.213
    -239.09     0.040
    -239.91    -0.044
    -240.73     0.018
    -241.56     0.132
    -242.38    -0.067
    -243.21     0.019
    -244.03    -0.070
    -244.86     0.050
    -245.68     0.053
    -246.51    -0.010
    -247.33     0.005
    -248.15    -0.016
    -248.98     0.034
    -249.80     0.039
    -250.63    -0.080
    -251.45     0.018
    -252.28     0.062
    -253.10    -0.013
    -253.93     0.060
    -254.75     0.075
    -255.57    -0.010
    -256.40     0.120
    -257.22    -0.121
    -258.05     0.065
    -258.87    -0.050
    -259.70    -0.025
    -260.52     0.049
    -261.35     0.025
    -262.17    -0.040
    -262.99     0.034
    -263.82    -0.201
    -264.64     0.301
    -265.47    -0.249
    -266.29    -0.198
    -267.12    -0.047
    -267.94     0.014
    -268.76    -0.026
    -269.59     0.151
    -270.41     0.054
    -271.24    -0.021
    -272.06     0.115
    -272.89     0.088
    -273.71    -0.065
    -274.54    -0.036
    -275.36     0.095
    -276.18    -0.027
    -277.01    -0.033
    -277.83     0.028
    -278.66     0.165
    -279.48     0.063
    -280.31     0.006
    -281.13    -0.202
    -281.96     0.060
    -282.78    -0.017
    -283.60     0.055
    -284.43    -0.010
    -285.25    -0.003
    -286.08    -0.013
    -286.90    -0.148
    -287.73     0.051
    -288.55     0.059
    -289.38    -0.035
    -290.20     0.092
    -291.02    -0.106
    -291.85     0.155
    -292.67    -0.061
    -293.50     0.033
    -294.32     0.143
    -295.15    -0.048
    -295.97    -0.086
    -296.80     0.096
    -297.62    -0.156
    -298.44    -0.049
    -299.27     0.159
    -300.09    -0.164
    -300.92     0.066
    -301.74    -0.096
    -302.57    -0.016
    -303.39     0.090
    -304.22    -0.195
    -305.04    -0.250
    -305.86    -0.125
    -306.69    -0.282
    -307.51    -0.069
    -308.34    -0.055
    -309.16    -0.061
    -309.99     0.051
    -310.81     0.065
    -311.64    -0.023
    -312.46     0.096
    -313.28    -0.053
    -314.11    -0.112
    -314.93     0.070
    -315.76     0.000
    -316.58    -0.106
    -317.41     0.024
    -318.23     0.016
    -319.06     0.153
    -319.88     0.074
    -320.70     0.029
    -321.53     0.107
    -322.35     0.004
    -323.18    -0.001
    -324.00    -0.070
    -324.83    -0.020
    -325.65     0.155
    -326.48     0.032
    -327.30     0.017
    -328.12     0.086
    -328.95     0.011
    -329.77     0.027
    -330.60     0.054
    -331.42    -0.009
    -332.25    -0.061
    -333.07     0.029
    -333.90     0.106
    -334.72     0.179
    -335.54     0.109
    -336.37    -0.022
    -337.19    -0.058
    -338.02     0.211
    -338.84    -0.092
    -339.67     0.002
    -340.49    -0.028
    -341.32     0.099
    -342.14     0.045
    -342.96     0.085
    -343.79    -0.099
    -344.61    -0.087
    -345.44     0.044
    -346.26     0.097
    -347.09     0.071
    -347.91    -0.080
    -348.73     0.006
    -349.56    -0.128
    -350.38    -0.131
    -351.21     0.097
    -352.03     0.063
    -352.86     0.013
    -353.68     0.121
    -354.51    -0.032
    -355.33    -0.100
    -356.15    -0.068
    -356.98     0.111
    -357.80    -0.011
    -358.63    -0.042
    -359.45    -0.051
    -360.28    -0.080
    -361.10    -0.042
    -361.93    -0.132
    -362.75    -0.011
    -363.57    -0.033
    -364.40     0.189
    -365.22    -0.031
    -366.05    -0.064
    -366.87     0.033
    -367.70    -0.144
    -368.52     0.033
    -369.35     0.052
    -370.17     0.098
    -370.99    -0.080
    -371.82    -0.054
    -372.64    -0.225
    -373.47     0.126
    -374.29    -0.223
    -375.12     0.160
    -375.94     0.219
    -376.77    -0.045
    -377.59     0.100
    -378.41    -0.001
    -379.24     0.092
    -380.06     0.062
    -380.89    -0.079
    -381.71    -0.044
    -382.54     0.011
    -383.36     0.210
    -384.19     0.115
    -385.01    -0.142
    -385.83    -0.001
    -386.66    -0.159
    -387.48     0.056
    -388.31    -0.122
    -389.13     0.056
    -389.96    -0.021
    -390.78    -0.046
    -391.61     0.049
    -392.43    -0.092
    -393.25     0.003
    -394.08    -0.090
    -394.90     0.055
    -395.73     0.032
    -396.55     0.084
    -397.38    -0.107
    -398.20     0.041
    -399.03     0.037
    -399.85    -0.054
%%gauss   801  datapoints: v_lsr [km/s] and T_B [K]
    -400.00     0.000
    -399.00     0.000
    -398.00     0.000
    -397.00     0.000
    -396.00     0.000
    -395.00     0.000
    -394.00     0.000
    -393.00     0.000
    -392.00     0.000
    -391.00     0.000
    -390.00     0.000
    -389.00     0.000
    -388.00     0.000
    -387.00     0.000
    -386.00     0.000
    -385.00     0.000
    -384.00     0.000
    -383.00     0.000
    -382.00     0.000
    -381.00     0.000
    -380.00     0.000
    -379.00     0.000
    -378.00     0.000
    -377.00     0.000
    -376.00     0.000
    -375.00     0.000
    -374.00     0.000
    -373.00     0.000
    -372.00     0.000
    -371.00     0.000
    -370.00     0.000
    -369.00     0.000
    -368.00    -0.000
    -367.00    -0.000
    -366.00    -0.000
    -365.00    -0.000
    -364.00    -0.000
    -363.00    -0.000
    -362.00    -0.000
    -361.00    -0.000
    -360.00    -0.000
    -359.00    -0.000
    -358.00    -0.000
    -357.00    -0.000
    -356.00    -0.000
    -355.00    -0.000
    -354.00    -0.000
    -353.00    -0.000
    -352.00    -0.000
    -351.00    -0.000
    -350.00    -0.000
    -349.00    -0.000
    -348.00    -0.000
    -347.00    -0.000
    -346.00    -0.000
    -345.00    -0.000
    -344.00    -0.000
    -343.00    -0.000
    -342.00    -0.000
    -341.00    -0.000
    -340.00    -0.000
    -339.00    -0.000
    -338.00    -0.000
    -337.00    -0.000
    -336.00    -0.000
    -335.00    -0.000
    -334.00    -0.000
    -333.00    -0.000
    -332.00    -0.000
    -331.00    -0.000
    -330.00    -0.000
    -329.00    -0.000
    -328.00    -0.000
    -327.00    -0.000
    -326.00    -0.000
    -325.00    -0.000
    -324.00    -0.000
    -323.00    -0.000
    -322.00    -0.000
    -321.00    -0.000
    -320.00    -0.000
    -319.00    -0.000
    -318.00    -0.000
    -317.00    -0.000
    -316.00    -0.000
    -315.00    -0.000
    -314.00    -0.001
    -313.00    -0.001
    -312.00    -0.001
    -311.00    -0.001
    -310.00    -0.002
    -309.00    -0.004
    -308.00    -0.013
    -307.00    -0.029
    -306.00    -0.043
    -305.00    -0.040
    -304.00    -0.023
    -303.00    -0.009
    -302.00    -0.003
    -301.00    -0.001
    -300.00    -0.001
    -299.00    -0.001
    -298.00    -0.001
    -297.00    -0.000
    -296.00    -0.000
    -295.00    -0.000
    -294.00    -0.000
    -293.00    -0.000
    -292.00    -0.000
    -291.00    -0.000
    -290.00    -0.000
    -289.00    -0.000
    -288.00    -0.000
    -287.00    -0.000
    -286.00    -0.000
    -285.00    -0.000
    -284.00    -0.000
    -283.00    -0.000
    -282.00    -0.000
    -281.00    -0.000
    -280.00    -0.000
    -279.00    -0.000
    -278.00    -0.000
    -277.00    -0.000
    -276.00    -0.000
    -275.00    -0.000
    -274.00    -0.000
    -273.00    -0.000
    -272.00    -0.000
    -271.00    -0.000
    -270.00    -0.000
    -269.00    -0.000
    -268.00    -0.000
    -267.00    -0.000
    -266.00    -0.000
    -265.00     0.000
    -264.00     0.000
    -263.00     0.000
    -262.00     0.000
    -261.00     0.000
    -260.00     0.000
    -259.00     0.000
    -258.00     0.000
    -257.00     0.000
    -256.00     0.000
    -255.00     0.000
    -254.00     0.000
    -253.00     0.000
    -252.00     0.000
    -251.00     0.000
    -250.00     0.000
    -249.00     0.000
    -248.00     0.000
    -247.00     0.000
    -246.00     0.000
    -245.00     0.000
    -244.00     0.000
    -243.00     0.000
    -242.00     0.000
    -241.00     0.000
    -240.00     0.000
    -239.00     0.000
    -238.00     0.000
    -237.00     0.000
    -236.00     0.000
    -235.00     0.000
    -234.00     0.000
    -233.00     0.000
    -232.00     0.000
    -231.00     0.000
    -230.00     0.000
    -229.00     0.000
    -228.00     0.000
    -227.00     0.000
    -226.00     0.000
    -225.00     0.000
    -224.00     0.000
    -223.00     0.000
    -222.00     0.000
    -221.00     0.000
    -220.00     0.000
    -219.00     0.000
    -218.00     0.000
    -217.00     0.000
    -216.00     0.000
    -215.00     0.000
    -214.00     0.000
    -213.00     0.000
    -212.00     0.000
    -211.00     0.000
    -210.00     0.000
    -209.00     0.000
    -208.00     0.000
    -207.00     0.000
    -206.00     0.000
    -205.00     0.000
    -204.00     0.000
    -203.00     0.000
    -202.00     0.000
    -201.00     0.000
    -200.00     0.000
    -199.00     0.000
    -198.00     0.000
    -197.00     0.001
    -196.00     0.000
    -195.00     0.000
    -194.00     0.000
    -193.00     0.000
    -192.00     0.000
    -191.00     0.000
    -190.00     0.000
    -189.00     0.000
    -188.00     0.000
    -187.00     0.000
    -186.00     0.000
    -185.00     0.000
    -184.00     0.000
    -183.00     0.000
    -182.00     0.000
    -181.00     0.000
    -180.00     0.000
    -179.00     0.000
    -178.00     0.000
    -177.00     0.000
    -176.00     0.000
    -175.00     0.000
    -174.00     0.000
    -173.00     0.000
    -172.00     0.000
    -171.00     0.000
    -170.00     0.000
    -169.00     0.000
    -168.00     0.000
    -167.00     0.000
    -166.00     0.000
    -165.00     0.000
    -164.00     0.000
    -163.00     0.000
    -162.00     0.000
    -161.00     0.000
    -160.00     0.000
    -159.00     0.000
    -158.00     0.000
    -157.00     0.000
    -156.00     0.000
    -155.00     0.000
    -154.00     0.001
    -153.00     0.001
    -152.00     0.001
    -151.00     0.001
    -150.00     0.001
    -149.00     0.001
    -148.00     0.001
    -147.00     0.002
    -146.00     0.002
    -145.00     0.002
    -144.00     0.002
    -143.00     0.003
    -142.00     0.003
    -141.00     0.003
    -140.00     0.004
    -139.00     0.005
    -138.00     0.005
    -137.00     0.006
    -136.00     0.007
    -135.00     0.008
    -134.00     0.009
    -133.00     0.010
    -132.00     0.012
    -131.00     0.013
    -130.00     0.015
    -129.00     0.017
    -128.00     0.019
    -127.00     0.022
    -126.00     0.025
    -125.00     0.028
    -124.00     0.031
    -123.00     0.035
    -122.00     0.040
    -121.00     0.045
    -120.00     0.050
    -119.00     0.056
    -118.00     0.063
    -117.00     0.070
    -116.00     0.079
    -115.00     0.088
    -114.00     0.098
    -113.00     0.109
    -112.00     0.122
    -111.00     0.136
    -110.00     0.151
    -109.00     0.169
    -108.00     0.188
    -107.00     0.209
    -106.00     0.232
    -105.00     0.257
    -104.00     0.285
    -103.00     0.316
    -102.00     0.348
    -101.00     0.384
    -100.00     0.422
     -99.00     0.463
     -98.00     0.508
     -97.00     0.556
     -96.00     0.607
     -95.00     0.663
     -94.00     0.724
     -93.00     0.791
     -92.00     0.863
     -91.00     0.942
     -90.00     1.028
     -89.00     1.123
     -88.00     1.227
     -87.00     1.343
     -86.00     1.471
     -85.00     1.616
     -84.00     1.781
     -83.00     1.972
     -82.00     2.196
     -81.00     2.464
     -80.00     2.789
     -79.00     3.191
     -78.00     3.693
     -77.00     4.327
     -76.00     5.136
     -75.00     6.172
     -74.00     7.496
     -73.00     9.181
     -72.00    11.307
     -71.00    13.956
     -70.00    17.203
     -69.00    21.115
     -68.00    25.753
     -67.00    31.193
     -66.00    37.575
     -65.00    45.145
     -64.00    54.186
     -63.00    64.722
     -62.00    76.080
     -61.00    86.698
     -60.00    94.650
     -59.00    98.744
     -58.00    99.291
     -57.00    97.729
     -56.00    95.372
     -55.00    92.576
     -54.00    89.354
     -53.00    86.420
     -52.00    85.118
     -51.00    86.569
     -50.00    90.814
     -49.00    96.375
     -48.00   101.239
     -47.00   104.850
     -46.00   108.583
     -45.00   113.703
     -44.00   119.393
     -43.00   123.041
     -42.00   122.454
     -41.00   118.500
     -40.00   114.159
     -39.00   111.298
     -38.00   109.856
     -37.00   108.620
     -36.00   106.165
     -35.00   101.725
     -34.00    95.831
     -33.00    90.466
     -32.00    88.406
     -31.00    91.290
     -30.00    97.305
     -29.00   101.790
     -28.00   102.236
     -27.00   101.504
     -26.00   103.001
     -25.00   104.809
     -24.00   103.830
     -23.00   101.595
     -22.00    99.667
     -21.00    96.979
     -20.00    92.583
     -19.00    86.569
     -18.00    79.570
     -17.00    72.337
     -16.00    65.533
     -15.00    59.624
     -14.00    54.854
     -13.00    51.276
     -12.00    48.798
     -11.00    47.258
     -10.00    46.471
      -9.00    46.304
      -8.00    46.968
      -7.00    49.113
      -6.00    51.659
      -5.00    54.698
      -4.00    60.360
      -3.00    66.266
      -2.00    68.310
      -1.00    66.550
       0.00    64.369
       1.00    61.887
       2.00    56.702
       3.00    51.643
       4.00    50.001
       5.00    48.711
       6.00    45.372
       7.00    43.240
       8.00    42.964
       9.00    43.709
      10.00    45.174
      11.00    47.257
      12.00    49.776
      13.00    52.412
      14.00    54.781
      15.00    56.632
      16.00    58.056
      17.00    59.487
      18.00    61.419
      19.00    64.074
      20.00    67.279
      21.00    70.547
      22.00    73.277
      23.00    74.946
      24.00    75.246
      25.00    74.156
      26.00    71.945
      27.00    69.113
      28.00    66.287
      29.00    64.088
      30.00    63.009
      31.00    63.318
      32.00    65.012
      33.00    67.813
      34.00    71.231
      35.00    74.655
      36.00    77.477
      37.00    79.207
      38.00    79.580
      39.00    78.602
      40.00    76.545
      41.00    73.877
      42.00    71.151
      43.00    68.870
      44.00    67.367
      45.00    66.735
      46.00    66.844
      47.00    67.422
      48.00    68.162
      49.00    68.709
      50.00    68.491
      51.00    66.585
      52.00    62.032
      53.00    54.704
      54.00    45.776
      55.00    36.948
      56.00    29.298
      57.00    23.063
      58.00    18.099
      59.00    14.213
      60.00    11.237
      61.00     9.014
      62.00     7.395
      63.00     6.244
      64.00     5.450
      65.00     4.935
      66.00     4.654
      67.00     4.593
      68.00     4.766
      69.00     5.202
      70.00     5.928
      71.00     6.956
      72.00     8.257
      73.00     9.749
      74.00    11.301
      75.00    12.750
      76.00    13.937
      77.00    14.747
      78.00    15.154
      79.00    15.249
      80.00    15.215
      81.00    15.187
      82.00    15.070
      83.00    14.663
      84.00    14.038
      85.00    13.516
      86.00    13.281
      87.00    13.282
      88.00    13.444
      89.00    13.891
      90.00    15.082
      91.00    17.645
      92.00    21.518
      93.00    25.004
      94.00    25.653
      95.00    22.776
      96.00    18.182
      97.00    14.008
      98.00    10.917
      99.00     8.755
     100.00     7.341
     101.00     6.384
     102.00     5.627
     103.00     4.967
     104.00     4.380
     105.00     3.864
     106.00     3.413
     107.00     3.023
     108.00     2.687
     109.00     2.398
     110.00     2.147
     111.00     1.928
     112.00     1.734
     113.00     1.560
     114.00     1.402
     115.00     1.256
     116.00     1.121
     117.00     0.995
     118.00     0.877
     119.00     0.767
     120.00     0.666
     121.00     0.573
     122.00     0.488
     123.00     0.412
     124.00     0.345
     125.00     0.285
     126.00     0.234
     127.00     0.190
     128.00     0.153
     129.00     0.123
     130.00     0.097
     131.00     0.076
     132.00     0.060
     133.00     0.046
     134.00     0.036
     135.00     0.027
     136.00     0.021
     137.00     0.016
     138.00     0.012
     139.00     0.009
     140.00     0.007
     141.00     0.005
     142.00     0.004
     143.00     0.003
     144.00     0.002
     145.00     0.001
     146.00     0.001
     147.00     0.001
     148.00     0.000
     149.00     0.000
     150.00     0.000
     151.00     0.000
     152.00     0.000
     153.00     0.000
     154.00     0.001
     155.00     0.001
     156.00     0.001
     157.00     0.002
     158.00     0.003
     159.00     0.004
     160.00     0.006
     161.00     0.008
     162.00     0.011
     163.00     0.014
     164.00     0.018
     165.00     0.023
     166.00     0.029
     167.00     0.036
     168.00     0.044
     169.00     0.054
     170.00     0.064
     171.00     0.076
     172.00     0.088
     173.00     0.100
     174.00     0.113
     175.00     0.125
     176.00     0.136
     177.00     0.145
     178.00     0.153
     179.00     0.159
     180.00     0.162
     181.00     0.162
     182.00     0.160
     183.00     0.156
     184.00     0.149
     185.00     0.141
     186.00     0.131
     187.00     0.119
     188.00     0.108
     189.00     0.096
     190.00     0.084
     191.00     0.073
     192.00     0.063
     193.00     0.053
     194.00     0.044
     195.00     0.036
     196.00     0.030
     197.00     0.024
     198.00     0.019
     199.00     0.015
     200.00     0.012
     201.00     0.009
     202.00     0.007
     203.00     0.005
     204.00     0.004
     205.00     0.003
     206.00     0.002
     207.00     0.002
     208.00     0.001
     209.00     0.001
     210.00     0.001
     211.00     0.000
     212.00     0.000
     213.00     0.000
     214.00     0.000
     215.00     0.000
     216.00     0.000
     217.00     0.000
     218.00     0.000
     219.00     0.000
     220.00     0.000
     221.00     0.000
     222.00     0.000
     223.00     0.000
     224.00     0.000
     225.00     0.000
     226.00     0.000
     227.00     0.000
     228.00     0.000
     229.00     0.000
     230.00     0.000
     231.00     0.000
     232.00     0.000
     233.00     0.000
     234.00     0.000
     235.00     0.000
     236.00     0.000
     237.00     0.000
     238.00     0.000
     239.00     0.000
     240.00     0.000
     241.00     0.000
     242.00     0.000
     243.00     0.000
     244.00     0.000
     245.00     0.000
     246.00     0.000
     247.00     0.000
     248.00     0.000
     249.00     0.000
     250.00     0.000
     251.00     0.000
     252.00     0.000
     253.00     0.000
     254.00     0.000
     255.00     0.000
     256.00     0.000
     257.00     0.000
     258.00     0.000
     259.00     0.000
     260.00     0.000
     261.00     0.000
     262.00     0.000
     263.00     0.000
     264.00     0.000
     265.00     0.000
     266.00     0.000
     267.00     0.000
     268.00     0.000
     269.00     0.000
     270.00     0.000
     271.00     0.000
     272.00     0.000
     273.00     0.000
     274.00     0.000
     275.00     0.000
     276.00     0.000
     277.00     0.000
     278.00     0.000
     279.00     0.000
     280.00     0.000
     281.00     0.000
     282.00     0.000
     283.00     0.000
     284.00     0.000
     285.00     0.000
     286.00     0.000
     287.00     0.000
     288.00     0.000
     289.00     0.000
     290.00     0.000
     291.00     0.000
     292.00     0.000
     293.00     0.000
     294.00     0.000
     295.00     0.000
     296.00     0.000
     297.00     0.000
     298.00     0.000
     299.00     0.000
     300.00     0.000
     301.00     0.000
     302.00     0.000
     303.00     0.000
     304.00     0.000
     305.00     0.000
     306.00     0.000
     307.00     0.000
     308.00     0.000
     309.00     0.000
     310.00     0.000
     311.00     0.000
     312.00     0.000
     313.00     0.000
     314.00     0.000
     315.00     0.000
     316.00     0.000
     317.00     0.000
     318.00     0.000
     319.00     0.000
     320.00     0.000
     321.00     0.000
     322.00     0.000
     323.00     0.000
     324.00     0.000
     325.00     0.000
     326.00     0.000
     327.00     0.000
     328.00     0.000
     329.00     0.000
     330.00     0.000
     331.00     0.000
     332.00     0.000
     333.00     0.000
     334.00     0.000
     335.00     0.000
     336.00     0.000
     337.00     0.000
     338.00     0.000
     339.00     0.000
     340.00     0.000
     341.00     0.000
     342.00     0.000
     343.00     0.000
     344.00     0.000
     345.00     0.000
     346.00     0.000
     347.00     0.000
     348.00     0.000
     349.00     0.000
     350.00     0.000
     351.00     0.000
     352.00     0.000
     353.00     0.000
     354.00     0.000
     355.00     0.000
     356.00     0.000
     357.00     0.000
     358.00     0.000
     359.00     0.000
     360.00     0.000
     361.00     0.000
     362.00     0.000
     363.00     0.000
     364.00     0.000
     365.00     0.000
     366.00     0.000
     367.00     0.000
     368.00     0.000
     369.00     0.000
     370.00     0.000
     371.00     0.000
     372.00     0.000
     373.00     0.000
     374.00     0.000
     375.00     0.000
     376.00     0.000
     377.00     0.000
     378.00     0.000
     379.00     0.000
     380.00     0.000
     381.00     0.000
     382.00     0.000
     383.00     0.000
     384.00     0.000
     385.00     0.000
     386.00     0.000
     387.00     0.000
     388.00     0.000
     389.00     0.000
     390.00     0.000
     391.00     0.000
     392.00     0.000
     393.00     0.000
     394.00     0.000
     395.00     0.000
     396.00     0.000
     397.00     0.000
     398.00     0.000
     399.00     0.000
     400.00     0.000
%% HI4PI Gaussians - height, velocity, width (sigma) 
%     46.843    -3.767    31.522
%     80.426   -55.916     7.399
%     81.065   -36.834     4.348
%     64.068   -22.257     4.579
%     59.586    37.556     4.889
%     52.878    49.308     5.038
%     45.794    23.938     4.911
%     60.259   -43.462     2.608
%     13.111    89.378     8.836
%     34.502   -28.931     1.939
%     26.984   -48.089     1.928
%     20.609   -59.806     2.521
%     23.170    -2.425     1.757
%      9.233    76.998     3.919
%     10.652    14.451     2.648
%     14.672    93.838     1.887
%     15.045     1.022     1.494
%      9.695    51.736     2.088
%     13.432   -25.198     1.343
%      1.319   109.324     8.899
%      5.651     4.607     1.005
%      4.201    -6.364     0.948
%      1.761    82.546     1.615
%      0.176   181.010     8.374
%      1.155    97.591     1.274
%% Gaussians are derived from GASS                   
