%%    350.000     0.400    0     0.200  -400.000   400.000
% HI4PI gauss data -------------
%   l, b, RA, DEC, beam interpolated N_HI, N_H2_dark, N_H2_tot  
% 350.000 ;   0.400 ; 259.462 ; -37.085 ;  0.164E+23 ;  0.159E+22 ;  0.271E+23
% nearest HEALPix pixel: l, b, RA, DEC, N_HI, N_H2_dark, N_H2_tot
% 349.980 ;   0.410 ; 259.437 ; -37.095 ;  0.164E+23 ;  0.147E+22 ;  0.268E+23
% GASS III survey --------------
% NH - median within 6 arcmin radius  0.158E+23
% NH - mean within specified beam     0.158E+23
% EBHIS survey -----------------
% NH  within specified beam            0.00    
%%EBHIS     0  datapoints: v_lsr [km/s] and T_B [K]
%%GASS    971  datapoints: v_lsr [km/s] and T_B [K]
     399.83     0.174
     399.01    -0.079
     398.19     0.127
     397.36    -0.070
     396.54     0.033
     395.71     0.132
     394.89     0.193
     394.06     0.071
     393.24    -0.051
     392.42    -0.039
     391.59    -0.193
     390.77    -0.029
     389.94     0.059
     389.12     0.024
     388.29     0.020
     387.47    -0.028
     386.64    -0.045
     385.82    -0.019
     385.00    -0.098
     384.17    -0.014
     383.35     0.137
     382.52     0.005
     381.70    -0.077
     380.87     0.004
     380.05     0.084
     379.22     0.146
     378.40     0.016
     377.58    -0.005
     376.75     0.081
     375.93    -0.071
     375.10    -0.030
     374.28     0.111
     373.45     0.060
     372.63     0.135
     371.81    -0.009
     370.98     0.190
     370.16     0.048
     369.33     0.011
     368.51    -0.058
     367.68     0.117
     366.86     0.037
     366.03     0.072
     365.21     0.029
     364.39     0.192
     363.56     0.018
     362.74     0.217
     361.91    -0.059
     361.09     0.023
     360.26     0.151
     359.44     0.003
     358.61    -0.081
     357.79     0.076
     356.97    -0.018
     356.14    -0.034
     355.32    -0.040
     354.49    -0.119
     353.67    -0.103
     352.84     0.052
     352.02    -0.002
     351.20    -0.003
     350.37    -0.080
     349.55     0.017
     348.72    -0.031
     347.90     0.057
     347.07     0.059
     346.25    -0.076
     345.42    -0.099
     344.60    -0.096
     343.78    -0.198
     342.95    -0.017
     342.13    -0.019
     341.30     0.071
     340.48    -0.195
     339.65    -0.080
     338.83    -0.071
     338.00     0.126
     337.18    -0.033
     336.36    -0.035
     335.53     0.091
     334.71    -0.055
     333.88    -0.071
     333.06     0.146
     332.23    -0.077
     331.41    -0.254
     330.59    -0.097
     329.76    -0.125
     328.94    -0.002
     328.11    -0.023
     327.29     0.201
     326.46     0.154
     325.64    -0.054
     324.81    -0.158
     323.99    -0.008
     323.17     0.114
     322.34     0.088
     321.52    -0.007
     320.69     0.021
     319.87    -0.001
     319.04    -0.036
     318.22    -0.089
     317.39     0.094
     316.57     0.146
     315.75     0.030
     314.92    -0.085
     314.10    -0.070
     313.27    -0.018
     312.45    -0.008
     311.62     0.050
     310.80    -0.180
     309.98    -0.197
     309.15     0.095
     308.33    -0.056
     307.50     0.133
     306.68    -0.194
     305.85    -0.102
     305.03    -0.124
     304.20     0.011
     303.38     0.048
     302.56    -0.225
     301.73    -0.046
     300.91     0.002
     300.08    -0.026
     299.26     0.014
     298.43    -0.086
     297.61     0.146
     296.78    -0.197
     295.96     0.101
     295.14    -0.067
     294.31     0.137
     293.49     0.202
     292.66     0.153
     291.84    -0.063
     291.01    -0.045
     290.19     0.014
     289.37     0.053
     288.54    -0.010
     287.72    -0.024
     286.89    -0.018
     286.07    -0.045
     285.24    -0.104
     284.42     0.078
     283.59     0.167
     282.77     0.055
     281.95     0.072
     281.12     0.092
     280.30     0.026
     279.47    -0.000
     278.65     0.053
     277.82     0.082
     277.00    -0.165
     276.17    -0.060
     275.35    -0.043
     274.53     0.015
     273.70    -0.020
     272.88    -0.062
     272.05    -0.058
     271.23     0.043
     270.40    -0.024
     269.58    -0.012
     268.76    -0.040
     267.93     0.148
     267.11    -0.091
     266.28     0.053
     265.46    -0.072
     264.63     0.125
     263.81     0.106
     262.98     0.160
     262.16    -0.054
     261.34     0.083
     260.51     0.019
     259.69    -0.101
     258.86     0.048
     258.04     0.018
     257.21     0.015
     256.39     0.033
     255.56     0.190
     254.74     0.098
     253.92     0.037
     253.09     0.118
     252.27     0.106
     251.44     0.014
     250.62    -0.061
     249.79     0.057
     248.97    -0.175
     248.14    -0.149
     247.32    -0.061
     246.50    -0.009
     245.67     0.046
     244.85    -0.015
     244.02     0.006
     243.20     0.047
     242.37    -0.022
     241.55    -0.122
     240.73    -0.012
     239.90     0.024
     239.08     0.024
     238.25    -0.117
     237.43    -0.037
     236.60    -0.039
     235.78     0.116
     234.95    -0.181
     234.13    -0.041
     233.31     0.012
     232.48     0.015
     231.66     0.065
     230.83     0.100
     230.01    -0.041
     229.18     0.058
     228.36     0.087
     227.53    -0.036
     226.71     0.081
     225.89     0.046
     225.06     0.093
     224.24    -0.127
     223.41    -0.140
     222.59     0.093
     221.76     0.108
     220.94    -0.127
     220.12     0.085
     219.29     0.102
     218.47    -0.115
     217.64     0.148
     216.82    -0.033
     215.99     0.048
     215.17    -0.033
     214.34     0.037
     213.52     0.049
     212.70    -0.138
     211.87     0.030
     211.05    -0.191
     210.22     0.045
     209.40     0.034
     208.57    -0.197
     207.75     0.021
     206.92     0.051
     206.10    -0.134
     205.28     0.084
     204.45     0.200
     203.63     0.003
     202.80    -0.089
     201.98    -0.035
     201.15     0.200
     200.33     0.004
     199.51     0.038
     198.68    -0.102
     197.86    -0.034
     197.03    -0.115
     196.21     0.052
     195.38     0.124
     194.56    -0.015
     193.73    -0.032
     192.91     0.080
     192.09    -0.158
     191.26     0.014
     190.44    -0.146
     189.61     0.087
     188.79     0.091
     187.96    -0.286
     187.14    -0.103
     186.31    -0.029
     185.49     0.048
     184.67    -0.039
     183.84    -0.146
     183.02     0.141
     182.19    -0.092
     181.37     0.127
     180.54     0.107
     179.72    -0.026
     178.90    -0.036
     178.07     0.139
     177.25     0.123
     176.42    -0.140
     175.60    -0.137
     174.77     0.008
     173.95     0.060
     173.12     0.040
     172.30     0.110
     171.48     0.002
     170.65    -0.013
     169.83     0.168
     169.00    -0.030
     168.18     0.048
     167.35     0.003
     166.53     0.183
     165.70     0.067
     164.88     0.128
     164.06     0.021
     163.23    -0.045
     162.41    -0.061
     161.58     0.043
     160.76    -0.117
     159.93    -0.008
     159.11     0.002
     158.29    -0.033
     157.46    -0.041
     156.64    -0.062
     155.81    -0.026
     154.99    -0.018
     154.16    -0.122
     153.34    -0.129
     152.51     0.074
     151.69     0.058
     150.87     0.159
     150.04     0.074
     149.22     0.043
     148.39     0.069
     147.57    -0.160
     146.74    -0.113
     145.92     0.045
     145.09    -0.067
     144.27    -0.121
     143.45    -0.064
     142.62     0.042
     141.80     0.055
     140.97    -0.001
     140.15    -0.054
     139.32     0.028
     138.50    -0.146
     137.68    -0.188
     136.85     0.078
     136.03    -0.051
     135.20    -0.013
     134.38    -0.054
     133.55     0.081
     132.73     0.014
     131.90    -0.015
     131.08    -0.019
     130.26     0.092
     129.43     0.059
     128.61     0.030
     127.78     0.096
     126.96     0.011
     126.13    -0.032
     125.31     0.112
     124.48    -0.015
     123.66    -0.147
     122.84    -0.017
     122.01    -0.101
     121.19    -0.091
     120.36    -0.146
     119.54    -0.102
     118.71    -0.026
     117.89    -0.063
     117.07     0.050
     116.24     0.033
     115.42    -0.106
     114.59     0.031
     113.77    -0.071
     112.94     0.093
     112.12    -0.064
     111.29     0.067
     110.47     0.033
     109.65    -0.018
     108.82    -0.026
     108.00    -0.009
     107.17     0.031
     106.35    -0.012
     105.52    -0.016
     104.70     0.157
     103.87    -0.070
     103.05    -0.022
     102.23    -0.006
     101.40    -0.002
     100.58     0.104
      99.75    -0.109
      98.93     0.001
      98.10    -0.007
      97.28    -0.057
      96.46    -0.025
      95.63     0.113
      94.81     0.022
      93.98     0.095
      93.16     0.084
      92.33     0.075
      91.51    -0.105
      90.68     0.187
      89.86    -0.008
      89.04     0.205
      88.21    -0.027
      87.39     0.131
      86.56    -0.002
      85.74     0.026
      84.91    -0.099
      84.09     0.171
      83.26    -0.098
      82.44     0.031
      81.62     0.114
      80.79     0.182
      79.97    -0.104
      79.14     0.108
      78.32     0.031
      77.49     0.027
      76.67     0.112
      75.84     0.072
      75.02     0.208
      74.20     0.146
      73.37     0.000
      72.55     0.083
      71.72     0.307
      70.90     0.296
      70.07     0.401
      69.25     0.260
      68.43     0.271
      67.60     0.379
      66.78     0.482
      65.95     0.428
      65.13     0.659
      64.30     0.660
      63.48     0.478
      62.65     0.726
      61.83     0.835
      61.01     0.979
      60.18     1.012
      59.36     1.339
      58.53     1.552
      57.71     1.734
      56.88     2.025
      56.06     2.208
      55.23     2.432
      54.41     2.722
      53.59     3.163
      52.76     3.440
      51.94     3.533
      51.11     4.009
      50.29     4.346
      49.46     4.722
      48.64     5.074
      47.82     5.723
      46.99     5.977
      46.17     6.750
      45.34     7.598
      44.52     8.173
      43.69     9.420
      42.87    11.121
      42.04    13.115
      41.22    16.108
      40.40    18.523
      39.57    21.299
      38.75    23.687
      37.92    26.000
      37.10    27.187
      36.27    28.029
      35.45    28.120
      34.62    27.890
      33.80    27.791
      32.98    28.478
      32.15    29.702
      31.33    30.505
      30.50    31.747
      29.68    32.989
      28.85    34.693
      28.03    36.818
      27.21    39.598
      26.38    42.026
      25.56    45.705
      24.73    50.013
      23.91    54.730
      23.08    60.301
      22.26    65.356
      21.43    69.587
      20.61    73.327
      19.79    76.963
      18.96    79.518
      18.14    81.915
      17.31    83.737
      16.49    85.484
      15.66    86.716
      14.84    88.119
      14.01    89.641
      13.19    92.583
      12.37    94.804
      11.54    98.655
      10.72   101.905
       9.89   104.719
       9.07   107.951
       8.24   108.968
       7.42    91.376
       6.60    65.233
       5.77    69.191
       4.95   103.664
       4.12   125.412
       3.30   128.560
       2.47   128.866
       1.65   124.611
       0.82   122.989
       0.00   130.094
      -0.82   140.213
      -1.65   138.660
      -2.47   125.903
      -3.30   111.947
      -4.12   105.368
      -4.95   102.437
      -5.77   100.076
      -6.60    98.045
      -7.42    96.817
      -8.24    96.146
      -9.07    99.455
      -9.89   105.883
     -10.72   110.142
     -11.54   110.338
     -12.37   108.819
     -13.19   107.219
     -14.01   106.149
     -14.84   106.203
     -15.66   105.933
     -16.49   103.515
     -17.31   101.005
     -18.14    98.556
     -18.96    95.063
     -19.79    92.319
     -20.61    88.460
     -21.43    84.476
     -22.26    81.313
     -23.08    76.913
     -23.91    73.733
     -24.73    70.172
     -25.56    66.508
     -26.38    63.587
     -27.21    60.114
     -28.03    57.008
     -28.85    54.288
     -29.68    51.500
     -30.50    50.824
     -31.33    49.818
     -32.15    49.514
     -32.98    49.770
     -33.80    49.472
     -34.62    50.006
     -35.45    50.651
     -36.27    50.453
     -37.10    50.190
     -37.92    48.982
     -38.75    48.499
     -39.57    46.942
     -40.40    45.264
     -41.22    44.354
     -42.04    43.194
     -42.87    42.664
     -43.69    42.329
     -44.52    42.274
     -45.34    42.546
     -46.17    43.189
     -46.99    42.997
     -47.82    43.637
     -48.64    43.212
     -49.46    42.632
     -50.29    42.042
     -51.11    41.020
     -51.94    40.351
     -52.76    39.542
     -53.59    38.625
     -54.41    37.577
     -55.23    35.928
     -56.06    33.935
     -56.88    31.927
     -57.71    29.703
     -58.53    27.773
     -59.36    26.454
     -60.18    25.436
     -61.01    25.290
     -61.83    25.102
     -62.65    25.372
     -63.48    25.196
     -64.30    25.367
     -65.13    25.649
     -65.95    25.498
     -66.78    25.216
     -67.60    24.565
     -68.43    23.613
     -69.25    22.999
     -70.07    21.636
     -70.90    19.800
     -71.72    18.740
     -72.55    17.141
     -73.37    16.334
     -74.20    15.057
     -75.02    13.990
     -75.84    12.672
     -76.67    12.011
     -77.49    11.017
     -78.32    10.216
     -79.14     9.452
     -79.97     9.240
     -80.79     9.392
     -81.62     9.331
     -82.44     9.819
     -83.26    10.184
     -84.09    10.561
     -84.91    11.179
     -85.74    12.060
     -86.56    12.906
     -87.39    13.847
     -88.21    15.037
     -89.04    16.041
     -89.86    16.752
     -90.68    17.326
     -91.51    18.165
     -92.33    18.287
     -93.16    18.963
     -93.98    19.396
     -94.81    20.038
     -95.63    21.174
     -96.46    23.527
     -97.28    26.507
     -98.10    30.573
     -98.93    34.958
     -99.75    39.720
    -100.58    43.814
    -101.40    48.385
    -102.23    52.069
    -103.05    55.362
    -103.87    57.257
    -104.70    57.962
    -105.52    57.662
    -106.35    56.575
    -107.17    54.699
    -108.00    52.831
    -108.82    49.521
    -109.65    46.436
    -110.47    43.464
    -111.29    40.480
    -112.12    37.580
    -112.94    34.718
    -113.77    31.646
    -114.59    28.293
    -115.42    25.378
    -116.24    22.578
    -117.07    20.198
    -117.89    17.919
    -118.71    16.201
    -119.54    14.582
    -120.36    13.901
    -121.19    13.233
    -122.01    12.860
    -122.84    12.645
    -123.66    12.291
    -124.48    12.049
    -125.31    12.162
    -126.13    11.609
    -126.96    11.477
    -127.78    11.607
    -128.61    11.651
    -129.43    11.612
    -130.26    11.865
    -131.08    11.844
    -131.90    11.792
    -132.73    11.222
    -133.55    10.679
    -134.38     9.954
    -135.20     8.724
    -136.03     8.073
    -136.85     7.176
    -137.68     6.159
    -138.50     5.323
    -139.32     4.549
    -140.15     3.995
    -140.97     3.624
    -141.80     3.043
    -142.62     2.621
    -143.45     2.755
    -144.27     2.485
    -145.09     2.362
    -145.92     1.879
    -146.74     1.944
    -147.57     1.912
    -148.39     1.783
    -149.22     1.671
    -150.04     1.719
    -150.87     1.612
    -151.69     1.704
    -152.51     1.617
    -153.34     1.772
    -154.16     1.752
    -154.99     1.870
    -155.81     2.107
    -156.64     2.577
    -157.46     2.490
    -158.29     3.110
    -159.11     3.940
    -159.93     4.627
    -160.76     5.425
    -161.58     5.961
    -162.41     6.376
    -163.23     5.652
    -164.06     5.072
    -164.88     3.982
    -165.70     3.308
    -166.53     2.312
    -167.35     1.974
    -168.18     1.641
    -169.00     1.378
    -169.83     1.035
    -170.65     1.086
    -171.48     1.010
    -172.30     1.250
    -173.12     1.167
    -173.95     1.284
    -174.77     1.453
    -175.60     1.641
    -176.42     1.775
    -177.25     2.154
    -178.07     2.242
    -178.90     2.665
    -179.72     2.945
    -180.54     3.387
    -181.37     3.886
    -182.19     4.551
    -183.02     5.249
    -183.84     5.841
    -184.67     6.387
    -185.49     6.994
    -186.31     7.375
    -187.14     7.895
    -187.96     8.147
    -188.79     8.250
    -189.61     8.533
    -190.44     8.448
    -191.26     8.637
    -192.09     8.306
    -192.91     8.218
    -193.73     7.944
    -194.56     7.630
    -195.38     7.282
    -196.21     6.720
    -197.03     6.457
    -197.86     6.009
    -198.68     5.563
    -199.51     5.205
    -200.33     4.799
    -201.15     4.512
    -201.98     4.090
    -202.80     3.644
    -203.63     3.268
    -204.45     2.829
    -205.28     2.357
    -206.10     1.943
    -206.92     1.580
    -207.75     1.167
    -208.57     0.785
    -209.40     0.950
    -210.22     0.642
    -211.05     0.489
    -211.87     0.321
    -212.70     0.168
    -213.52     0.187
    -214.34     0.262
    -215.17     0.136
    -215.99     0.125
    -216.82     0.078
    -217.64    -0.129
    -218.47     0.039
    -219.29     0.008
    -220.12     0.142
    -220.94     0.071
    -221.76     0.197
    -222.59    -0.133
    -223.41    -0.023
    -224.24     0.111
    -225.06    -0.035
    -225.89     0.025
    -226.71     0.141
    -227.53    -0.042
    -228.36     0.060
    -229.18    -0.051
    -230.01     0.092
    -230.83     0.051
    -231.66    -0.063
    -232.48     0.029
    -233.31    -0.188
    -234.13     0.077
    -234.95     0.012
    -235.78     0.106
    -236.60     0.066
    -237.43     0.136
    -238.25     0.049
    -239.08     0.135
    -239.90    -0.018
    -240.73     0.006
    -241.55    -0.023
    -242.37     0.145
    -243.20     0.091
    -244.02    -0.039
    -244.85    -0.055
    -245.67    -0.045
    -246.50     0.052
    -247.32     0.028
    -248.14    -0.083
    -248.97     0.156
    -249.79     0.042
    -250.62     0.050
    -251.44     0.130
    -252.27    -0.038
    -253.09     0.152
    -253.92    -0.062
    -254.74     0.078
    -255.56    -0.047
    -256.39     0.064
    -257.21     0.120
    -258.04    -0.088
    -258.86    -0.091
    -259.69    -0.119
    -260.51    -0.048
    -261.34    -0.146
    -262.16    -0.046
    -262.98    -0.032
    -263.81    -0.057
    -264.63    -0.140
    -265.46    -0.027
    -266.28     0.121
    -267.11     0.039
    -267.93    -0.155
    -268.76    -0.035
    -269.58     0.047
    -270.40     0.041
    -271.23     0.034
    -272.05    -0.037
    -272.88     0.032
    -273.70     0.075
    -274.53     0.011
    -275.35     0.081
    -276.17     0.050
    -277.00    -0.028
    -277.82    -0.053
    -278.65    -0.056
    -279.47    -0.103
    -280.30    -0.076
    -281.12     0.057
    -281.95     0.043
    -282.77     0.031
    -283.59     0.167
    -284.42    -0.089
    -285.24     0.182
    -286.07    -0.089
    -286.89    -0.128
    -287.72    -0.016
    -288.54     0.039
    -289.37     0.084
    -290.19    -0.186
    -291.01     0.094
    -291.84    -0.002
    -292.66     0.050
    -293.49     0.026
    -294.31     0.072
    -295.14    -0.118
    -295.96    -0.059
    -296.78    -0.162
    -297.61     0.106
    -298.43    -0.140
    -299.26    -0.035
    -300.08    -0.020
    -300.91    -0.116
    -301.73    -0.110
    -302.56     0.081
    -303.38     0.176
    -304.20     0.037
    -305.03     0.015
    -305.85     0.006
    -306.68     0.118
    -307.50     0.099
    -308.33    -0.029
    -309.15    -0.062
    -309.98    -0.081
    -310.80     0.120
    -311.62    -0.051
    -312.45     0.096
    -313.27     0.114
    -314.10    -0.082
    -314.92    -0.096
    -315.75     0.164
    -316.57    -0.156
    -317.39     0.110
    -318.22    -0.275
    -319.04     0.247
    -319.87    -0.120
    -320.69     0.242
    -321.52     0.201
    -322.34    -0.082
    -323.17     0.053
    -323.99     0.004
    -324.81     0.083
    -325.64    -0.045
    -326.46     0.059
    -327.29    -0.036
    -328.11     0.068
    -328.94     0.013
    -329.76    -0.012
    -330.59     0.076
    -331.41    -0.083
    -332.23     0.038
    -333.06    -0.059
    -333.88    -0.118
    -334.71     0.013
    -335.53    -0.157
    -336.36     0.117
    -337.18     0.095
    -338.00     0.011
    -338.83    -0.012
    -339.65    -0.028
    -340.48     0.130
    -341.30     0.176
    -342.13    -0.142
    -342.95    -0.004
    -343.78    -0.004
    -344.60     0.059
    -345.42    -0.272
    -346.25    -0.040
    -347.07     0.001
    -347.90    -0.068
    -348.72     0.008
    -349.55    -0.072
    -350.37    -0.184
    -351.20     0.091
    -352.02    -0.216
    -352.84    -0.002
    -353.67    -0.043
    -354.49     0.029
    -355.32     0.158
    -356.14    -0.019
    -356.97     0.091
    -357.79     0.147
    -358.61     0.127
    -359.44    -0.092
    -360.26    -0.064
    -361.09    -0.055
    -361.91    -0.047
    -362.74     0.066
    -363.56     0.113
    -364.39    -0.003
    -365.21    -0.114
    -366.03     0.143
    -366.86     0.066
    -367.68    -0.089
    -368.51    -0.145
    -369.33    -0.029
    -370.16    -0.054
    -370.98     0.045
    -371.81    -0.028
    -372.63     0.213
    -373.45     0.052
    -374.28    -0.078
    -375.10    -0.012
    -375.93     0.100
    -376.75     0.107
    -377.58    -0.052
    -378.40    -0.070
    -379.22    -0.257
    -380.05    -0.028
    -380.87    -0.178
    -381.70    -0.041
    -382.52    -0.071
    -383.35     0.045
    -384.17    -0.114
    -385.00    -0.113
    -385.82    -0.128
    -386.64    -0.044
    -387.47    -0.013
    -388.29     0.161
    -389.12     0.018
    -389.94    -0.022
    -390.77    -0.075
    -391.59    -0.017
    -392.42    -0.003
    -393.24     0.101
    -394.06     0.207
    -394.89     0.058
    -395.71     0.106
    -396.54     0.079
    -397.36    -0.154
    -398.19    -0.039
    -399.01    -0.032
    -399.83     0.148
%%gauss   801  datapoints: v_lsr [km/s] and T_B [K]
    -400.00     0.000
    -399.00     0.000
    -398.00     0.000
    -397.00     0.000
    -396.00     0.000
    -395.00     0.000
    -394.00     0.000
    -393.00     0.000
    -392.00     0.000
    -391.00     0.000
    -390.00     0.000
    -389.00     0.000
    -388.00     0.000
    -387.00     0.000
    -386.00     0.000
    -385.00    -0.000
    -384.00    -0.000
    -383.00    -0.001
    -382.00    -0.004
    -381.00    -0.010
    -380.00    -0.010
    -379.00    -0.003
    -378.00    -0.000
    -377.00    -0.000
    -376.00    -0.000
    -375.00     0.000
    -374.00     0.000
    -373.00     0.000
    -372.00     0.000
    -371.00     0.000
    -370.00     0.000
    -369.00     0.000
    -368.00     0.000
    -367.00     0.000
    -366.00     0.000
    -365.00     0.000
    -364.00     0.000
    -363.00     0.000
    -362.00     0.000
    -361.00     0.000
    -360.00     0.000
    -359.00     0.000
    -358.00     0.000
    -357.00     0.000
    -356.00     0.000
    -355.00     0.000
    -354.00     0.000
    -353.00     0.000
    -352.00     0.000
    -351.00     0.000
    -350.00     0.000
    -349.00     0.000
    -348.00     0.000
    -347.00     0.000
    -346.00     0.000
    -345.00     0.000
    -344.00     0.000
    -343.00     0.000
    -342.00     0.000
    -341.00     0.000
    -340.00     0.000
    -339.00     0.000
    -338.00     0.000
    -337.00     0.000
    -336.00     0.000
    -335.00     0.000
    -334.00     0.000
    -333.00     0.000
    -332.00     0.000
    -331.00     0.000
    -330.00     0.000
    -329.00     0.000
    -328.00     0.000
    -327.00     0.000
    -326.00     0.000
    -325.00     0.000
    -324.00     0.000
    -323.00     0.000
    -322.00     0.000
    -321.00     0.000
    -320.00     0.000
    -319.00     0.000
    -318.00     0.000
    -317.00     0.000
    -316.00     0.000
    -315.00     0.000
    -314.00     0.000
    -313.00     0.000
    -312.00     0.000
    -311.00     0.000
    -310.00     0.000
    -309.00     0.000
    -308.00     0.000
    -307.00     0.000
    -306.00     0.000
    -305.00     0.000
    -304.00     0.000
    -303.00     0.000
    -302.00     0.000
    -301.00     0.000
    -300.00     0.000
    -299.00     0.000
    -298.00     0.000
    -297.00     0.000
    -296.00     0.000
    -295.00     0.000
    -294.00     0.000
    -293.00     0.000
    -292.00     0.000
    -291.00     0.000
    -290.00     0.000
    -289.00     0.000
    -288.00     0.000
    -287.00     0.000
    -286.00     0.000
    -285.00     0.000
    -284.00     0.000
    -283.00     0.000
    -282.00     0.001
    -281.00     0.001
    -280.00     0.001
    -279.00     0.001
    -278.00     0.001
    -277.00     0.001
    -276.00     0.001
    -275.00     0.001
    -274.00     0.001
    -273.00     0.001
    -272.00     0.001
    -271.00     0.001
    -270.00     0.001
    -269.00     0.002
    -268.00     0.002
    -267.00     0.002
    -266.00     0.002
    -265.00     0.002
    -264.00     0.002
    -263.00     0.003
    -262.00     0.003
    -261.00     0.003
    -260.00     0.004
    -259.00     0.004
    -258.00     0.005
    -257.00     0.005
    -256.00     0.006
    -255.00     0.007
    -254.00     0.008
    -253.00     0.009
    -252.00     0.010
    -251.00     0.012
    -250.00     0.013
    -249.00     0.015
    -248.00     0.016
    -247.00     0.018
    -246.00     0.020
    -245.00     0.022
    -244.00     0.023
    -243.00     0.025
    -242.00     0.026
    -241.00     0.027
    -240.00     0.028
    -239.00     0.029
    -238.00     0.030
    -237.00     0.030
    -236.00     0.030
    -235.00     0.030
    -234.00     0.031
    -233.00     0.031
    -232.00     0.031
    -231.00     0.031
    -230.00     0.032
    -229.00     0.033
    -228.00     0.033
    -227.00     0.035
    -226.00     0.036
    -225.00     0.037
    -224.00     0.039
    -223.00     0.042
    -222.00     0.045
    -221.00     0.049
    -220.00     0.054
    -219.00     0.060
    -218.00     0.070
    -217.00     0.083
    -216.00     0.103
    -215.00     0.132
    -214.00     0.175
    -213.00     0.239
    -212.00     0.332
    -211.00     0.464
    -210.00     0.647
    -209.00     0.892
    -208.00     1.206
    -207.00     1.594
    -206.00     2.048
    -205.00     2.551
    -204.00     3.076
    -203.00     3.596
    -202.00     4.098
    -201.00     4.583
    -200.00     5.058
    -199.00     5.529
    -198.00     5.998
    -197.00     6.465
    -196.00     6.926
    -195.00     7.368
    -194.00     7.771
    -193.00     8.109
    -192.00     8.357
    -191.00     8.490
    -190.00     8.489
    -189.00     8.343
    -188.00     8.054
    -187.00     7.631
    -186.00     7.094
    -185.00     6.471
    -184.00     5.795
    -183.00     5.100
    -182.00     4.419
    -181.00     3.782
    -180.00     3.212
    -179.00     2.722
    -178.00     2.314
    -177.00     1.979
    -176.00     1.704
    -175.00     1.480
    -174.00     1.306
    -173.00     1.188
    -172.00     1.129
    -171.00     1.136
    -170.00     1.216
    -169.00     1.387
    -168.00     1.685
    -167.00     2.169
    -166.00     2.898
    -165.00     3.859
    -164.00     4.874
    -163.00     5.602
    -162.00     5.735
    -161.00     5.244
    -160.00     4.403
    -159.00     3.554
    -158.00     2.893
    -157.00     2.446
    -156.00     2.156
    -155.00     1.966
    -154.00     1.841
    -153.00     1.768
    -152.00     1.741
    -151.00     1.749
    -150.00     1.787
    -149.00     1.849
    -148.00     1.933
    -147.00     2.039
    -146.00     2.170
    -145.00     2.333
    -144.00     2.539
    -143.00     2.802
    -142.00     3.145
    -141.00     3.593
    -140.00     4.174
    -139.00     4.908
    -138.00     5.798
    -137.00     6.822
    -136.00     7.919
    -135.00     9.001
    -134.00     9.963
    -133.00    10.713
    -132.00    11.202
    -131.00    11.434
    -130.00    11.471
    -129.00    11.413
    -128.00    11.365
    -127.00    11.404
    -126.00    11.559
    -125.00    11.804
    -124.00    12.095
    -123.00    12.412
    -122.00    12.803
    -121.00    13.394
    -120.00    14.353
    -119.00    15.835
    -118.00    17.934
    -117.00    20.646
    -116.00    23.880
    -115.00    27.480
    -114.00    31.267
    -113.00    35.078
    -112.00    38.801
    -111.00    42.385
    -110.00    45.819
    -109.00    49.092
    -108.00    52.127
    -107.00    54.734
    -106.00    56.603
    -105.00    57.359
    -104.00    56.661
    -103.00    54.333
    -102.00    50.459
    -101.00    45.398
    -100.00    39.723
     -99.00    34.084
     -98.00    29.059
     -97.00    25.032
     -96.00    22.142
     -95.00    20.299
     -94.00    19.251
     -93.00    18.675
     -92.00    18.259
     -91.00    17.767
     -90.00    17.066
     -89.00    16.130
     -88.00    15.011
     -87.00    13.811
     -86.00    12.640
     -85.00    11.598
     -84.00    10.753
     -83.00    10.146
     -82.00     9.794
     -81.00     9.697
     -80.00     9.845
     -79.00    10.232
     -78.00    10.847
     -77.00    11.682
     -76.00    12.729
     -75.00    13.967
     -74.00    15.370
     -73.00    16.893
     -72.00    18.478
     -71.00    20.055
     -70.00    21.546
     -69.00    22.874
     -68.00    23.972
     -67.00    24.793
     -66.00    25.318
     -65.00    25.565
     -64.00    25.590
     -63.00    25.498
     -62.00    25.448
     -61.00    25.654
     -60.00    26.350
     -59.00    27.721
     -58.00    29.777
     -57.00    32.278
     -56.00    34.790
     -55.00    36.896
     -54.00    38.426
     -53.00    39.504
     -52.00    40.392
     -51.00    41.256
     -50.00    42.067
     -49.00    42.668
     -48.00    42.914
     -47.00    42.783
     -46.00    42.404
     -45.00    42.014
     -44.00    41.885
     -43.00    42.235
     -42.00    43.159
     -41.00    44.587
     -40.00    46.298
     -39.00    47.979
     -38.00    49.314
     -37.00    50.087
     -36.00    50.245
     -35.00    49.917
     -34.00    49.376
     -33.00    48.967
     -32.00    49.022
     -31.00    49.795
     -30.00    51.426
     -29.00    53.938
     -28.00    57.242
     -27.00    61.149
     -26.00    65.394
     -25.00    69.730
     -24.00    74.042
     -23.00    78.333
     -22.00    82.641
     -21.00    86.962
     -20.00    91.216
     -19.00    95.271
     -18.00    98.949
     -17.00   102.039
     -16.00   104.320
     -15.00   105.633
     -14.00   106.148
     -13.00   106.989
     -12.00   109.209
     -11.00   109.675
     -10.00   104.555
      -9.00    97.931
      -8.00    95.344
      -7.00    96.899
      -6.00   100.065
      -5.00   102.758
      -4.00   106.582
      -3.00   117.576
      -2.00   134.168
      -1.00   139.141
       0.00   128.001
       1.00   121.924
       2.00   127.066
       3.00   128.215
       4.00   125.108
       5.00    96.482
       6.00    62.798
       7.00    79.968
       8.00   107.567
       9.00   107.627
      10.00   103.337
      11.00   100.089
      12.00    95.253
      13.00    91.322
      14.00    88.766
      15.00    86.683
      16.00    84.629
      17.00    82.592
      18.00    80.460
      19.00    77.893
      20.00    74.517
      21.00    70.142
      22.00    64.855
      23.00    58.999
      24.00    53.066
      25.00    47.568
      26.00    42.893
      27.00    39.206
      28.00    36.417
      29.00    34.257
      30.00    32.432
      31.00    30.793
      32.00    29.395
      33.00    28.419
      34.00    27.965
      35.00    27.881
      36.00    27.737
      37.00    27.003
      38.00    25.312
      39.00    22.655
      40.00    19.379
      41.00    16.002
      42.00    12.986
      43.00    10.586
      44.00     8.827
      45.00     7.590
      46.00     6.706
      47.00     6.029
      48.00     5.461
      49.00     4.949
      50.00     4.470
      51.00     4.017
      52.00     3.589
      53.00     3.188
      54.00     2.815
      55.00     2.471
      56.00     2.158
      57.00     1.875
      58.00     1.622
      59.00     1.397
      60.00     1.199
      61.00     1.025
      62.00     0.875
      63.00     0.745
      64.00     0.635
      65.00     0.540
      66.00     0.460
      67.00     0.393
      68.00     0.337
      69.00     0.289
      70.00     0.250
      71.00     0.217
      72.00     0.190
      73.00     0.167
      74.00     0.148
      75.00     0.132
      76.00     0.118
      77.00     0.107
      78.00     0.097
      79.00     0.089
      80.00     0.081
      81.00     0.075
      82.00     0.069
      83.00     0.064
      84.00     0.059
      85.00     0.055
      86.00     0.051
      87.00     0.048
      88.00     0.044
      89.00     0.041
      90.00     0.039
      91.00     0.036
      92.00     0.034
      93.00     0.031
      94.00     0.029
      95.00     0.027
      96.00     0.026
      97.00     0.024
      98.00     0.022
      99.00     0.021
     100.00     0.019
     101.00     0.018
     102.00     0.017
     103.00     0.016
     104.00     0.015
     105.00     0.014
     106.00     0.013
     107.00     0.012
     108.00     0.012
     109.00     0.011
     110.00     0.011
     111.00     0.010
     112.00     0.010
     113.00     0.009
     114.00     0.009
     115.00     0.008
     116.00     0.008
     117.00     0.007
     118.00     0.007
     119.00     0.006
     120.00     0.006
     121.00     0.006
     122.00     0.005
     123.00     0.005
     124.00     0.004
     125.00     0.004
     126.00     0.004
     127.00     0.003
     128.00     0.003
     129.00     0.003
     130.00     0.002
     131.00     0.002
     132.00     0.002
     133.00     0.002
     134.00     0.002
     135.00     0.002
     136.00     0.001
     137.00     0.001
     138.00     0.001
     139.00     0.001
     140.00     0.001
     141.00     0.001
     142.00     0.001
     143.00     0.001
     144.00     0.001
     145.00     0.001
     146.00     0.001
     147.00     0.001
     148.00     0.001
     149.00     0.000
     150.00     0.000
     151.00     0.000
     152.00     0.000
     153.00     0.000
     154.00     0.000
     155.00     0.000
     156.00     0.000
     157.00     0.001
     158.00     0.001
     159.00     0.001
     160.00     0.001
     161.00     0.001
     162.00     0.001
     163.00     0.002
     164.00     0.002
     165.00     0.002
     166.00     0.003
     167.00     0.003
     168.00     0.003
     169.00     0.003
     170.00     0.004
     171.00     0.004
     172.00     0.004
     173.00     0.004
     174.00     0.004
     175.00     0.003
     176.00     0.003
     177.00     0.003
     178.00     0.003
     179.00     0.002
     180.00     0.002
     181.00     0.002
     182.00     0.001
     183.00     0.001
     184.00     0.001
     185.00     0.001
     186.00     0.000
     187.00     0.000
     188.00     0.000
     189.00     0.000
     190.00     0.000
     191.00     0.000
     192.00     0.000
     193.00     0.000
     194.00     0.000
     195.00     0.000
     196.00     0.000
     197.00     0.000
     198.00     0.000
     199.00     0.000
     200.00     0.000
     201.00     0.000
     202.00     0.000
     203.00     0.000
     204.00     0.000
     205.00     0.000
     206.00     0.000
     207.00     0.000
     208.00     0.000
     209.00     0.000
     210.00     0.000
     211.00     0.000
     212.00     0.000
     213.00     0.000
     214.00     0.000
     215.00     0.000
     216.00     0.000
     217.00     0.000
     218.00     0.000
     219.00     0.000
     220.00     0.000
     221.00     0.000
     222.00     0.000
     223.00     0.000
     224.00     0.000
     225.00     0.000
     226.00     0.000
     227.00     0.000
     228.00     0.000
     229.00     0.000
     230.00     0.000
     231.00     0.000
     232.00     0.000
     233.00     0.000
     234.00     0.000
     235.00     0.000
     236.00     0.000
     237.00     0.000
     238.00     0.000
     239.00     0.000
     240.00     0.000
     241.00     0.000
     242.00     0.000
     243.00     0.000
     244.00     0.000
     245.00     0.000
     246.00     0.000
     247.00     0.000
     248.00     0.000
     249.00     0.000
     250.00     0.000
     251.00     0.000
     252.00     0.000
     253.00     0.000
     254.00     0.000
     255.00     0.000
     256.00     0.000
     257.00     0.000
     258.00     0.000
     259.00     0.000
     260.00     0.000
     261.00     0.000
     262.00     0.000
     263.00     0.000
     264.00     0.000
     265.00     0.000
     266.00     0.000
     267.00     0.000
     268.00     0.000
     269.00     0.000
     270.00     0.000
     271.00     0.000
     272.00     0.000
     273.00     0.000
     274.00     0.000
     275.00     0.000
     276.00     0.000
     277.00     0.000
     278.00     0.000
     279.00     0.000
     280.00     0.000
     281.00     0.000
     282.00     0.000
     283.00     0.000
     284.00     0.000
     285.00     0.000
     286.00     0.000
     287.00     0.000
     288.00     0.000
     289.00     0.000
     290.00     0.000
     291.00     0.000
     292.00     0.000
     293.00     0.000
     294.00     0.000
     295.00     0.000
     296.00     0.000
     297.00     0.000
     298.00     0.000
     299.00     0.000
     300.00     0.000
     301.00     0.000
     302.00     0.000
     303.00     0.000
     304.00     0.000
     305.00     0.000
     306.00     0.000
     307.00     0.000
     308.00     0.000
     309.00     0.000
     310.00     0.000
     311.00     0.000
     312.00     0.000
     313.00     0.000
     314.00     0.000
     315.00     0.000
     316.00     0.000
     317.00     0.000
     318.00     0.000
     319.00     0.000
     320.00     0.000
     321.00     0.000
     322.00     0.000
     323.00     0.000
     324.00     0.000
     325.00     0.000
     326.00     0.000
     327.00     0.000
     328.00     0.000
     329.00     0.000
     330.00     0.000
     331.00     0.000
     332.00     0.000
     333.00     0.000
     334.00     0.000
     335.00     0.000
     336.00     0.000
     337.00     0.000
     338.00     0.000
     339.00     0.000
     340.00     0.000
     341.00     0.000
     342.00     0.000
     343.00     0.000
     344.00     0.000
     345.00     0.000
     346.00     0.000
     347.00     0.000
     348.00     0.000
     349.00     0.000
     350.00     0.000
     351.00     0.000
     352.00     0.000
     353.00     0.000
     354.00     0.000
     355.00     0.001
     356.00     0.001
     357.00     0.002
     358.00     0.003
     359.00     0.004
     360.00     0.005
     361.00     0.007
     362.00     0.009
     363.00     0.011
     364.00     0.013
     365.00     0.014
     366.00     0.016
     367.00     0.017
     368.00     0.017
     369.00     0.017
     370.00     0.016
     371.00     0.015
     372.00     0.013
     373.00     0.011
     374.00     0.009
     375.00     0.007
     376.00     0.005
     377.00     0.004
     378.00     0.003
     379.00     0.002
     380.00     0.001
     381.00     0.001
     382.00     0.000
     383.00     0.000
     384.00     0.000
     385.00     0.000
     386.00     0.000
     387.00     0.000
     388.00     0.000
     389.00     0.000
     390.00     0.000
     391.00     0.000
     392.00     0.000
     393.00     0.000
     394.00     0.000
     395.00     0.000
     396.00     0.000
     397.00     0.000
     398.00     0.000
     399.00     0.000
     400.00     0.000
%% HI4PI Gaussians - height, velocity, width (sigma) 
%     85.480   -12.198     6.389
%     75.952    18.144     5.956
%     55.849   -23.710     7.407
%      8.584   -66.677    48.053
%     35.937   -48.639     6.369
%     35.248  -109.386     6.066
%    107.870     2.519     1.683
%     60.576    -3.568     2.991
%     39.501    11.579     3.114
%     29.728  -102.969     4.032
%     26.900   -37.076     4.218
%     17.186   -66.248     6.013
%      8.713    36.108    11.463
%     68.569    -1.127     1.390
%     41.976     9.198     1.841
%      8.871  -190.684     7.143
%     16.387    36.986     3.251
%     10.261   -91.684     4.436
%     48.900     4.552     0.915
%     13.252    30.247     3.220
%      8.110  -131.383     4.760
%     37.701     7.734     0.965
%     11.626   -10.899     1.250
%      4.438  -123.277     3.081
%      5.340   -55.602     2.491
%      2.961  -162.016     3.675
%      1.480  -202.667     4.015
%      2.201  -162.401     1.828
%      0.191  -413.033    -1.372
%      0.351  -321.188    -0.388
%% component flagged & excluded if width negative ---
%% Gaussians are derived from GASS                   
